8.073816804638876476e+01,2.282226930423099418e+02,3.228579832865180688e+00,4.841364868815036249e-01,1.060691050137134516e+04
8.054929821104639132e+01,2.274623187024029392e+02,3.229608064540059331e+00,4.798712726355010005e-01,1.060733203693441283e+04
8.065141197831921716e+01,2.277308874126720184e+02,3.240830350550104821e+00,4.863021074637214891e-01,1.060773965173710531e+04
8.087693360387719110e+01,2.283610239463726828e+02,3.221339774631776010e+00,4.847696767549110053e-01,1.060780928815701009e+04
8.091776438421246098e+01,2.272812507551982435e+02,3.233317600620738919e+00,4.879472290329647244e-01,1.060782740394174834e+04
8.054993589247614239e+01,2.278342116505378101e+02,3.225649761846761443e+00,4.840051058838315545e-01,1.060794722059048763e+04
8.052013429201419115e+01,2.276429098556688473e+02,3.240840944318900796e+00,4.829166982091571692e-01,1.060813477635156232e+04
8.064765755870965336e+01,2.272540914980322100e+02,3.234960226667921823e+00,4.890590737218522555e-01,1.060837324254338091e+04
8.055613752428311614e+01,2.279384311355511272e+02,3.232943281291275284e+00,4.869136078428398240e-01,1.060848641211530776e+04
8.047874561779914870e+01,2.268482922596688525e+02,3.235809096486476300e+00,4.843035514479270276e-01,1.060905164329731997e+04
8.076695523500632135e+01,2.269430416294016766e+02,3.223520199203757208e+00,4.767326668156900982e-01,1.060908901166088981e+04
8.081373961379210868e+01,2.261756127882999010e+02,3.225952303043078562e+00,4.815232988263326019e-01,1.060915137628047160e+04
8.097012474209972765e+01,2.276816192091683320e+02,3.233883188709322898e+00,4.904102917542144113e-01,1.060917879651387557e+04
8.091978904448063759e+01,2.274416944463259540e+02,3.224410793403119868e+00,4.919427504477963953e-01,1.060935875904596469e+04
8.084312775205941648e+01,2.289575013065016549e+02,3.217245738481967265e+00,4.858315053289203322e-01,1.061001018538977951e+04
8.082192185318433530e+01,2.286063531434055847e+02,3.221783418354866146e+00,4.903202435879647769e-01,1.061006262415975652e+04
8.078316403775605181e+01,2.273177387349435037e+02,3.228207494093167540e+00,4.757140485254945927e-01,1.061011686544608528e+04
8.056068080820810451e+01,2.286833138282222251e+02,3.238556553666463778e+00,4.792895458137620968e-01,1.061048737563573195e+04
8.104668985719850127e+01,2.266651119212997116e+02,3.221023800606094500e+00,4.824414816160095265e-01,1.061056662358732319e+04
8.098126048334417248e+01,2.283170577141107458e+02,3.231706721124517401e+00,4.823641762324260562e-01,1.061064204898099342e+04
8.086720714107451613e+01,2.281082731351399104e+02,3.245835521147520719e+00,4.886679859965791239e-01,1.061090555075784505e+04
8.044403529410756448e+01,2.277357026493008902e+02,3.250370578121056120e+00,4.838836186317312937e-01,1.061107260778854470e+04
8.056150549354568113e+01,2.264291751842439169e+02,3.236150916870444760e+00,4.755514957970255474e-01,1.061114815781388279e+04
8.101709003424045363e+01,2.274023275108665700e+02,3.225866381020939588e+00,4.793451164864706571e-01,1.061119223293337564e+04
8.064926944246846574e+01,2.285645984379327729e+02,3.233236820710861714e+00,4.912278912027457367e-01,1.061120186081899737e+04
8.083377725957484472e+01,2.273038922138655380e+02,3.225224647292025182e+00,4.748160224531519646e-01,1.061141411762064126e+04
8.055241032948315194e+01,2.278739922088948049e+02,3.208741935332440676e+00,4.794016534241700156e-01,1.061143939141534247e+04
8.109632205820786055e+01,2.279370710944442351e+02,3.217869537485808618e+00,4.814407182611732394e-01,1.061148548771975766e+04
8.071401968660866544e+01,2.288751377871471391e+02,3.228308009213610941e+00,4.767533796637131172e-01,1.061152653308966001e+04
8.046899600433309274e+01,2.288103197124023040e+02,3.236903376609341798e+00,4.858546833798109699e-01,1.061154986106159413e+04
8.081043657405338365e+01,2.267412402763376917e+02,3.224396667041524278e+00,4.747944088581166899e-01,1.061157199532445520e+04
8.111807265123360366e+01,2.276522718689557507e+02,3.231074983139651025e+00,4.848264886008040730e-01,1.061172895932919710e+04
8.107473469644567388e+01,2.278363798805391696e+02,3.224299088626971344e+00,4.938129116666459262e-01,1.061175203040050474e+04
8.089034601860154794e+01,2.281737792408903829e+02,3.212063682183817548e+00,4.759435597019695541e-01,1.061179461748157701e+04
8.047807150424937106e+01,2.278956765569039646e+02,3.247913357191943184e+00,4.779447530271080935e-01,1.061182287480521700e+04
8.058819188142562950e+01,2.278674219750102168e+02,3.212016192425464212e+00,4.731914245342894176e-01,1.061202050954772494e+04
8.107160042142291445e+01,2.288319040036762715e+02,3.217667789465860295e+00,4.838847848528063933e-01,1.061209988654397966e+04
8.035982256398449408e+01,2.271958155046990555e+02,3.250352306141829573e+00,4.838009590935531956e-01,1.061217233731901797e+04
8.049166650744857066e+01,2.281483685061392634e+02,3.236105274230471007e+00,4.736249237245050980e-01,1.061245048381793276e+04
8.109647325564235132e+01,2.269210751190560416e+02,3.235619614563711721e+00,4.840391367157410585e-01,1.061270654916976127e+04
8.116578602871040005e+01,2.282858430311905806e+02,3.221676321207052940e+00,4.915785327903730018e-01,1.061271603273233995e+04
8.060166463987691543e+01,2.295170028840472582e+02,3.230845945308802758e+00,4.862167361550048250e-01,1.061292145165418879e+04
8.088845067453200954e+01,2.272303419580562149e+02,3.242651606030203304e+00,4.954500159175834750e-01,1.061310510719798913e+04
8.102831125443040605e+01,2.257141042804223048e+02,3.231235166963341232e+00,4.872999588293723261e-01,1.061323367369858897e+04
8.078787928256082296e+01,2.279923078035573667e+02,3.199021978223913099e+00,4.763268696935251678e-01,1.061380971967377627e+04
8.073261758192880677e+01,2.275769484835184642e+02,3.231374575010542483e+00,4.961943935912466741e-01,1.061385472348217081e+04
8.058708391344912059e+01,2.292893761240492267e+02,3.212959484950335565e+00,4.765034000305708450e-01,1.061398810175326071e+04
8.020727017321857488e+01,2.278534024397710880e+02,3.238866919338474926e+00,4.780133397252074867e-01,1.061401368872767489e+04
8.096026054955717655e+01,2.261586008450213967e+02,3.213677357618303976e+00,4.765169000395256260e-01,1.061428138246489834e+04
8.059866378486516680e+01,2.290539323788850083e+02,3.205290194228222145e+00,4.807587309592581959e-01,1.061462444223347302e+04
8.111266541991692236e+01,2.292376676444280292e+02,3.209226987218811278e+00,4.858226886648774334e-01,1.061492887028111363e+04
8.116088380766299792e+01,2.287487488239903257e+02,3.231981219371322211e+00,4.872910140716957272e-01,1.061493214651996459e+04
8.057710224665343901e+01,2.276349012366505349e+02,3.212916467601203863e+00,4.694703210367410784e-01,1.061507937333358495e+04
8.103125187014607889e+01,2.276020662245402377e+02,3.230505449575456822e+00,4.982327867309065406e-01,1.061518392063892679e+04
8.025643761265703802e+01,2.279137219342728713e+02,3.247089892974796221e+00,4.751791615802627988e-01,1.061533037972015154e+04
8.069994881539876985e+01,2.253111152046509176e+02,3.245693479596435616e+00,4.804087845453591799e-01,1.061542903333755748e+04
8.087140345399511432e+01,2.272343834925968054e+02,3.210650180172456292e+00,4.710741451485770392e-01,1.061609785767896210e+04
8.108052977883527035e+01,2.289801858694416978e+02,3.209639821330995346e+00,4.783794709733809047e-01,1.061613648699545774e+04
8.026776638587747925e+01,2.282482759456036945e+02,3.222392338359690189e+00,4.714250583335354294e-01,1.061625143197760008e+04
8.042492125462041486e+01,2.278528875982413240e+02,3.256863351183511668e+00,4.764691545785577631e-01,1.061666110889556512e+04
8.054292565382098701e+01,2.299546443304086267e+02,3.238990993352480974e+00,4.863232157472840433e-01,1.061696162598353658e+04
8.033876799538957414e+01,2.289179446562980900e+02,3.240910737398479569e+00,4.890579794316857187e-01,1.061711269679035104e+04
8.083837662488535614e+01,2.285743449573908777e+02,3.209395527397691517e+00,4.711005659044827931e-01,1.061716219968264704e+04
8.135089392717705437e+01,2.282833266912482486e+02,3.210268650864561479e+00,4.880908487900653125e-01,1.061759343920878200e+04
8.020968966929085298e+01,2.273453730493877742e+02,3.225565017922942257e+00,4.841266302634862906e-01,1.061761393082105496e+04
8.116298500142842443e+01,2.256757680449507859e+02,3.217629844451786791e+00,4.926697786573031590e-01,1.061775492441286042e+04
8.057309556117544957e+01,2.298730453560343108e+02,3.242996335553365306e+00,4.792432781592305124e-01,1.061809450681329326e+04
8.040633824033159271e+01,2.292720129653419008e+02,3.251360452966787662e+00,4.782264164452374455e-01,1.061822556901785538e+04
8.052205998870455517e+01,2.292432283533943291e+02,3.202090809719269959e+00,4.747893932364921632e-01,1.061841475645508763e+04
8.092097154450874541e+01,2.249675080547051209e+02,3.222828287086922483e+00,4.778781088843486735e-01,1.061847949139816774e+04
8.125823077390765548e+01,2.284450201630752133e+02,3.207253162651553691e+00,4.951650372539435629e-01,1.061849571745915637e+04
8.099155106228657530e+01,2.287853149194843354e+02,3.190006012940261204e+00,4.817771625901586807e-01,1.061871100498240230e+04
8.055556529988237457e+01,2.302046421953372715e+02,3.239505244453235289e+00,4.861904852220312323e-01,1.061872487230890147e+04
8.105777112660831563e+01,2.266350337817097227e+02,3.216612448699616600e+00,4.732036191541864056e-01,1.061877520299850221e+04
8.068915311114182032e+01,2.288301897215872316e+02,3.192457010736863499e+00,4.796999727744165054e-01,1.061880630218406986e+04
8.040229562956976395e+01,2.281605553724362210e+02,3.264958104664607230e+00,4.898594352482286141e-01,1.061981880381395604e+04
8.103022779161044298e+01,2.255318731121938356e+02,3.213084954497217094e+00,4.947800692042293447e-01,1.062031222141689250e+04
8.050974031225928229e+01,2.303667427018302760e+02,3.213087211811934907e+00,4.781626846770553052e-01,1.062103137287564823e+04
8.071157306220798944e+01,2.276468033647481377e+02,3.231073916619411346e+00,5.014477983268765815e-01,1.062203617124153243e+04
8.014457342501376047e+01,2.274116840026485136e+02,3.265955813755113457e+00,4.777343565478271437e-01,1.062259901716590866e+04
8.017175925792791702e+01,2.298378970760693392e+02,3.230042677662973372e+00,4.783898751268930161e-01,1.062264210344381354e+04
8.033337156837633586e+01,2.291214025793015878e+02,3.251487262808611334e+00,4.724692344988535297e-01,1.062288941037952100e+04
8.038671719417352790e+01,2.261938970587133610e+02,3.249937050918869641e+00,4.956421504144287171e-01,1.062329311067471281e+04
8.011256945233901661e+01,2.282710252664224129e+02,3.213667477197186262e+00,4.688216722087947819e-01,1.062378736074481640e+04
8.034072207728218018e+01,2.250026563207651122e+02,3.257438199096990061e+00,4.879141638210814924e-01,1.062380286614249417e+04
8.095161282395208957e+01,2.244206005073001791e+02,3.231240961563542236e+00,4.936363317701729647e-01,1.062393395376608532e+04
8.064300096363558623e+01,2.244195527714186653e+02,3.255470673015350869e+00,4.884439555927578280e-01,1.062394824373110532e+04
8.094152167781187757e+01,2.265637747338047348e+02,3.186021570927165314e+00,4.872967348862214942e-01,1.062433173157888086e+04
8.096353418302902583e+01,2.303286462355611377e+02,3.193139182550419619e+00,4.790957708049901620e-01,1.062529627632726624e+04
8.079946939713832421e+01,2.239489066512303168e+02,3.225357582506056975e+00,4.905832778929773430e-01,1.062710435736840373e+04
8.114110403474705890e+01,2.291514419922043544e+02,3.203350979938862420e+00,4.714039965911662744e-01,1.062715334339549008e+04
8.132228319308690345e+01,2.290969788469982973e+02,3.185184941641840073e+00,4.900469932324504341e-01,1.062745068283071305e+04
8.151294241487097736e+01,2.268013203185293207e+02,3.217282694264736342e+00,4.814757783843481298e-01,1.062837461230672488e+04
8.152068792861908264e+01,2.287455628555663907e+02,3.226983699013894036e+00,4.979933546017669688e-01,1.062867890895433447e+04
8.090454287055219140e+01,2.252271064400065086e+02,3.265724187081949115e+00,4.820170409904354636e-01,1.062881528231886477e+04
8.069977142420279392e+01,2.258609613361047934e+02,3.192702505095587728e+00,4.907732602069446726e-01,1.063026130574926538e+04
8.032942887078046112e+01,2.294977812533809640e+02,3.270483080273771215e+00,4.912763318293464909e-01,1.063070569766072367e+04
8.000807180285569586e+01,2.254650793108282301e+02,3.258991449423166209e+00,4.856771675029594726e-01,1.063078257676603243e+04
8.141337700983278580e+01,2.279490034380104646e+02,3.239538581952704277e+00,4.804167826142991538e-01,1.063255765519098713e+04
8.071679610395176496e+01,2.221627964556274435e+02,3.249578779990950128e+00,4.875355306988540249e-01,1.064754056461384062e+04
