time,invT,err
sec,invK,invK
0,0.0675466198039762,0.00246824529187169
7.5,0.108425204027728,0.00396200558090386
15,0.292271234941079,0.0106800264100199
22.5,0.283629221484822,0.0103642320768635
30,0.35090201456697,0.0128225038757442
37.5,0.368946758114489,0.0134818945501883
45,0.339102172699899,0.0123913148829818
52.5,0.409700104686823,0.0149711069441622
60,0.432293509977528,0.0157967199633501
67.5,0.39850119340234,0.0145618747071319
75,0.377844149783483,0.0138070232927199
82.5,0.41101069562909,0.0150189987804171
90,0.432194559910428,0.0157931041043721
97.5,0.391809129965992,0.0143173325890215
105,0.373499943444286,0.0136482771437321
112.5,0.383964563249684,0.0140306757860432
120,0.504837839794886,0.0184476653314347
127.5,0.52860748111322,0.0193162709790148
135,0.405989833101571,0.0148355256082819
142.5,0.406474589716309,0.0148532396587002
150,0.552394873481734,0.0201855282008419
157.5,0.435804401820181,0.0159250159089901
165,0.507247824173604,0.0185357324150935
172.5,0.49042069071867,0.0179208258784009
180,0.389664780828797,0.0142389735831964
187.5,0.481640378588655,0.0175999713324948
195,0.360305489271312,0.0131661253269164
202.5,0.418738338457232,0.0153013837539964
210,0.484438563615063,0.0177022239661386
217.5,0.375163525857287,0.0137090678257678
225,0.400073055107229,0.0146193138754599
232.5,0.409937064533321,0.0149797659705123
240,0.446253047087073,0.0163068334000166
247.5,0.434816483424172,0.0158889151263495
255,0.472751185124347,0.0172751383578801
262.5,0.361950958608605,0.0132262540427671
270,0.47670446444337,0.0174196008542853
277.5,0.436506934948607,0.0159506880680995
285,0.428153180605219,0.015645423010174
292.5,0.553134451151973,0.0202125544659468
300,0.499984465656596,0.0182703105310853
307.5,0.434624447612523,0.0158818977019847
315,0.414273366316394,0.015138223875267
322.5,0.376242633671837,0.0137485006236195
330,0.479598358145222,0.0175253508547182
337.5,0.405385738374441,0.01481345068759
345,0.43530369104805,0.0159067187992967
352.5,0.31595478066259,0.01154546582604
360,0.551831866413158,0.020164954328146
367.5,0.378164752928425,0.0138187387874541
375,0.414825310898129,0.0151583931369562
382.5,0.429277124939879,0.0156864944585491
390,0.442075350126078,0.0161541707037661
397.5,0.388953750897037,0.0142129910650746
405,0.403354034451369,0.014739207866727
412.5,0.447827795256286,0.0163643783549333
420,0.353944824136527,0.012933694085643
427.5,0.354651569662505,0.0129595199532861
435,0.396886149366547,0.0145028575745904
442.5,0.470841230626621,0.0172053439743521
450,0.361197149476838,0.0131987083595981
457.5,0.442104635253579,0.0161552408497037
465,0.501087268590979,0.0183106097826467
472.5,0.448077849327066,0.0163735159123358
480,0.497180431617422,0.0181678439522345
487.5,0.34556259189894,0.0126273910097953
495,0.392547564004421,0.0143443165184523
502.5,0.340396099105401,0.0124385974281424
510,0.454617162618622,0.0166124777283038
517.5,0.374908198331436,0.013699737638453
525,0.404172547265957,0.0147691180793404
532.5,0.420230231139458,0.0153559008040303
540,0.488871144075642,0.017864201545486
547.5,0.370202451904317,0.0135277801314598
555,0.35089087071465,0.0128220966576541
562.5,0.365173811730317,0.0133440235208327
570,0.358189952586803,0.0130888194310267
577.5,0.357788989181113,0.0130741674366632
585,0.300542827294393,0.0109822851046802
592.5,0.32813954102018,0.0119907195773184
600,0.411963246151962,0.015053807047308
607.5,0.478628048071916,0.0174898933314678
615,0.286824218566867,0.0104809828512113
622.5,0.319092860331097,0.0116601370353141
630,0.380068738394242,0.0138883143189102
637.5,0.466937416836783,0.0170626891738192
645,0.280907635752856,0.0102647806023846
652.5,0.434412849149232,0.0158741654141135
660,0.414775295029249,0.0151565654477111
667.5,0.372098809639252,0.0135970768749587
675,0.384234929293564,0.0140405555204393
682.5,0.203924405640464,0.00745168716076841
690,0.348818660250141,0.0127463740545823
697.5,0.358606936352643,0.0131040568415681
705,0.33268827644812,0.0121569389299992
712.5,0.275892828727624,0.0100815308875606
720,0.342513722964015,0.0125159794653016
727.5,0.357648869703814,0.0130690471944924
735,0.346341556020515,0.0126558558644557
742.5,0.289625404035558,0.0105833430846861
750,0.253309528078711,0.00925629887274041
757.5,0.338464227982096,0.0123680031651176
765,0.3609416439258,0.0131893716796362
772.5,0.357833691980191,0.0130758009651591
780,0.312952807389659,0.0114357682233581
787.5,0.282462608258403,0.0103216019987735
795,0.309061275721099,0.0112935645680535
802.5,0.275373717895388,0.0100625616845412
810,0.297290281148096,0.0108634312606978
817.5,0.370589676789401,0.0135419301101518
825,0.359098956934663,0.0131220362463845
832.5,0.385249078155832,0.0140776146196929
840,0.284624857579265,0.010400614355885
847.5,0.465267016305484,0.0170016487182849
855,0.320093251666606,0.0116966931831478
862.5,0.349815590655875,0.0127828038298985
870,0.363690815852924,0.0132898318904541
877.5,0.209511015226351,0.00765583058596109
885,0.315735530864432,0.0115374540358406
892.5,0.299648304484378,0.0109495976408643
900,0.235641918713145,0.00861069541473984
907.5,0.225832636445282,0.0082522484447921
915,0.392197374005271,0.014331519840721
922.5,0.483597368544124,0.0176714846042276
930,0.316540320381422,0.0115668625232259
937.5,0.284053954910401,0.0103797525765243
945,0.431679307529723,0.0157742756191001
952.5,0.329712730368512,0.0120482068691443
960,0.321999609233209,0.0117663550196506
967.5,0.294295687707025,0.0107540034961829
975,0.323561681500919,0.0118234360421035
982.5,0.313612133855381,0.0114598612178737
990,0.315386766864401,0.0115247095592015
997.5,0.217584437531344,0.00795084613811419
1005,0.318282442634402,0.0116305228775334
1012.5,0.299096803502694,0.0109294448094966
1020,0.205382556089672,0.00750497024577476
1027.5,0.40149343816513,0.0146712177002533
1035,0.340834933243462,0.0124546332679611
1042.5,0.273977297388557,0.0100115340800398
1050,0.30149495335853,0.0110170774970223
1057.5,0.297891528286677,0.0108854019024266
1065,0.30640578174074,0.0111965280073527
1072.5,0.350242041350661,0.012798387168447
1080,0.263733057206939,0.00963719210017514
1087.5,0.303904412471744,0.0111051234620109
1095,0.326476265952785,0.0119299403927945
1102.5,0.311115419008087,0.0113686266995287
1110,0.215222895028963,0.00786455164586865
1117.5,0.308418220676241,0.011270066169829
1125,0.375552984887873,0.0137232994516432
1132.5,0.285469176019999,0.0104314672261279
1140,0.406330334181258,0.01484796825076
1147.5,0.349247278030421,0.0127620365812045
1155,0.402939205745314,0.0147240491376825
1162.5,0.259527811318069,0.00948352533322191
1170,0.329395313500449,0.0120366078603243
1177.5,0.339292849595908,0.0123982825810359
1185,0.346866269126003,0.0126750298966972
1192.5,0.246454374023084,0.00900580019854765
1200,0.399188195438036,0.0145869792208399
1207.5,0.374899023406403,0.0136994023680283
1215,0.393706182244336,0.0143866548645889
1222.5,0.303982695799524,0.0111079840757436
1230,0.221322608193409,0.0080874448213465
1237.5,0.323053386623154,0.0118048620021939
1245,0.240526111960622,0.0087891717825602
1252.5,0.322371686755272,0.0117799514228046
1260,0.266880526354106,0.0097522059531523
1267.5,0.254361145510483,0.00929472672423075
1275,0.21610311283137,0.00789671619298711
1282.5,0.3011174853466,0.0110032841392262
1290,0.357586986643294,0.013066785865381
1297.5,0.311574457874943,0.0113854008162947
1305,0.35336619529616,0.0129125498542428
1312.5,0.306193141978626,0.0111887577661394
1320,0.325291728018984,0.0118866551646527
1327.5,0.228981783533613,0.00836732332702919
1335,0.254736242986206,0.00930843341104523
1342.5,0.324546036858015,0.01185940621938
1350,0.356443543474647,0.0130250021986582
1357.5,0.285977458143948,0.0104500407434939
1365,0.325700011329325,0.0119015745987513
1372.5,0.262508075764051,0.00959242921058276
1380,0.353678005637334,0.0129239440148241
1387.5,0.361065122494692,0.013193883831595
1395,0.17265740978581,0.00630914347228922
1402.5,0.367637898044012,0.0134340661719064
1410,0.222560256735798,0.00813267046809337
1417.5,0.305951838408423,0.0111799400977371
1425,0.279972832318599,0.010230621264291
1432.5,0.279316120016762,0.0102066238597053
1440,0.287538931200386,0.0105070997031693
1447.5,0.257554803511202,0.00941142832056637
1455,0.311762730015202,0.0113922806235989
1462.5,0.269934339988209,0.0098637974996123
1470,0.276168326648724,0.0100915980559271
1477.5,0.238332312505794,0.00870900677435439
1485,0.27155518247884,0.00992302585210664
1492.5,0.275969406833459,0.0100843291833733
1500,0.337031950661992,0.0123156650224052
1507.5,0.319566072071935,0.0116774290662958
1515,0.244769246172005,0.00894422285539465
1522.5,0.348727588181522,0.0127430461042953
1530,0.335956804029735,0.0122763771200105
1537.5,0.298974065462414,0.0109249597423
1545,0.298325104408825,0.0109012455471124
1552.5,0.235560326298255,0.00860771389561609
1560,0.140909788273012,0.00514903866534553
1567.5,0.312700875473562,0.0114265621708814
1575,0.212237800036828,0.00775547157763389
1582.5,0.308766476602188,0.0112827920731531
1590,0.214626505965747,0.00784275864956499
1597.5,0.264346885877758,0.00965962243734419
1605,0.263531259623768,0.00962981807560418
1612.5,0.242179286988828,0.00884958150036419
1620,0.253248071165296,0.00925405313490666
1627.5,0.188081041175677,0.00687274625001437
1635,0.241029153203101,0.00880755373115183
1642.5,0.338111190853578,0.0123551025150472
1650,0.359871253723717,0.013150257499629
1657.5,0.274490473125889,0.0100302864025617
1665,0.31333720429165,0.0114498147887957
1672.5,0.201249382159837,0.00735393765374231
1680,0.428260857131775,0.0156493577518772
1687.5,0.248724185472965,0.00908874285276239
1695,0.244329422917702,0.00892815099143226
1702.5,0.222471576037033,0.0081294299341661
1710,0.243258262262865,0.00888900902403019
1717.5,0.168920909123375,0.0061726061580572
1725,0.249726375577295,0.00912536453614471
1732.5,0.294873847052457,0.0107751304638151
1740,0.355628862216298,0.0129952321427783
1747.5,0.360966582943426,0.0131902830008291
1755,0.261373735771933,0.00955097851600876
1762.5,0.254423598434852,0.00929700885813279
1770,0.304841352550601,0.0111393609404796
1777.5,0.365871211779891,0.0133695079138
1785,0.298040713134075,0.0108908533827257
1792.5,0.206957052046532,0.0075625047813243
1800,0.296023080437994,0.010817125492304
1807.5,0.210526876684176,0.00769295175438653
1815,0.213917926037945,0.00781686602321542
1822.5,0.332225216241137,0.0121400178355744
1830,0.34207338027874,0.0124998884978283
1837.5,0.256902474611183,0.00938759113119313
1845,0.281346730501866,0.0102808258865649
1852.5,0.340952411148792,0.0124589261357127
1860,0.301039102195288,0.0110004198784218
1867.5,0.273399681171368,0.00999042699258312
1875,0.321253859232641,0.0117391039319772
1882.5,0.278347005991533,0.0101712107573693
1890,0.284781924833948,0.0104063538675055
1897.5,0.238303621142116,0.00870795834522965
1905,0.33438298141552,0.0122188666557723
1912.5,0.293861673556649,0.0107381438501937
1920,0.187227540666776,0.00684155804176666
1927.5,0.275396398185545,0.0100633904613534
1935,0.295485897587168,0.01079749587664
1942.5,0.428710844295006,0.0156658012922655
1950,0.218110848850624,0.00797008204060005
1957.5,0.283217722264931,0.0103491951786191
1965,0.186516274475992,0.00681556729309978
1972.5,0.247422400282642,0.00904117347322361
1980,0.24419073607085,0.00892308314640066
1987.5,0.390852550818648,0.0142823771825991
1995,0.337068264465415,0.0123169919979011
2002.5,0.248392963877346,0.00907663946856743
2010,0.16323450694895,0.00596481657440894
2017.5,0.280194202980381,0.010238710531833
2025,0.229796155169184,0.00839708177549021
2032.5,0.302977515196437,0.0110712529682265
2040,0.280946873512463,0.0102662144181966
2047.5,0.340472277191315,0.0124413811212451
2055,0.286570702152324,0.010471718917551
2062.5,0.161499440456106,0.0059014146772894
2070,0.321270685635061,0.0117397187998993
2077.5,0.34366680284533,0.0125581152219096
2085,0.275696531169825,0.0100743578369539
2092.5,0.241820694105291,0.00883647792970082
2100,0.286059466262731,0.0104530374635844
2107.5,0.317446914588252,0.0115999911433828
2115,0.296068154957978,0.010818772595376
2122.5,0.299951612518353,0.010960681058795
2130,0.304289215360167,0.0111191848524991
2137.5,0.330213768611527,0.0120665157487064
2145,0.258372865017861,0.00944132165816673
2152.5,0.244106961667459,0.00892002189221128
2160,0.406305173903847,0.0148470488400431
2167.5,0.234243703816825,0.0085596023776405
2175,0.303627418637818,0.0110950016087849
2182.5,0.297184809780397,0.0108595771491039
2190,0.245756744172922,0.00898030765563197
2197.5,0.337769218611531,0.0123426061974242
2205,0.155625515036355,0.00568677278523944
2212.5,0.26375940269627,0.00963815480886652
2220,0.247590344664972,0.00904731043792825
2227.5,0.287016778672423,0.0104880193347345
2235,0.19330769811501,0.00706373628262315
2242.5,0.307339180292932,0.0112306360789816
2250,0.21291328887015,0.00778015500090772
2257.5,0.208207315670182,0.00760819136576613
2265,0.180831392494077,0.00660783308965783
2272.5,0.273285229328756,0.00998624472602114
2280,0.174775260194204,0.00638653289933616
2287.5,0.312107769211312,0.0114048889852547
2295,0.28905540350003,0.0105625142629103
2302.5,0.301355559511807,0.0110119837959404
2310,0.283063508951031,0.0103435599556403
2317.5,0.326102673175246,0.0119162886145657
2325,0.252380115276298,0.00922233658409507
2332.5,0.248414190004368,0.00907741510630088
2340,0.278768078676663,0.0101865974811174
2347.5,0.362140065897908,0.0132331643991062
2355,0.3809278767336,0.0139197089991546
2362.5,0.271731176908943,0.00992945698954172
2370,0.309670094661644,0.0113158119180455
2377.5,0.232005828894281,0.00847782681237048
2385,0.391121249653415,0.0142921960006913
2392.5,0.325047774605065,0.0118777406518934
2400,0.173229482561823,0.00633004786790235
2407.5,0.376460190246971,0.013756450584586
2415,0.266420108658602,0.00973538150923045
2422.5,0.282249865714939,0.010313828016304
2430,0.29519498047084,0.0107868652487466
2437.5,0.280265385346287,0.0102413116588465
2445,0.171607464323979,0.00627077689480015
2452.5,0.216742381753364,0.00792007608891683
2460,0.176081357645135,0.00643425966087693
2467.5,0.41178714431785,0.0150473719031819
2475,0.269073620576829,0.00983234534528605
2482.5,0.281311222754203,0.0102795283718219
2490,0.227126940651698,0.00829954439242796
2497.5,0.413657067623216,0.0151157029751016
2505,0.307155618535849,0.0112239284001067
2512.5,0.263078366769473,0.0096132686060488
2520,0.223012231731628,0.00814918635432435
2527.5,0.305057290992202,0.0111472517205376
2535,0.230622661449307,0.00842728364487988
2542.5,0.277166793557015,0.0101280837575408
2550,0.223289084677734,0.00815930300215117
2557.5,0.260261886854047,0.00951034968635243
2565,0.155924984887719,0.00569771585370003
2572.5,0.252163612949214,0.00921442522950337
2580,0.152133573443438,0.00555917211772022
2587.5,0.296915185094554,0.0108497245830948
2595,0.249905150925291,0.00913189728319427
2602.5,0.282094419493779,0.0103081477411607
2610,0.329512710198249,0.0120408977562256
2617.5,0.294910050594431,0.0107764534054641
2625,0.355661218797231,0.0129964145158561
2632.5,0.259347592232034,0.00947693982530727
2640,0.327888778671828,0.0119815562511327
2647.5,0.377035697780776,0.0137774808044653
2655,0.334598903499388,0.0122267568578954
2662.5,0.308457241657513,0.0112714920672566
2670,0.320867723580106,0.0117249938200035
2677.5,0.0594926718197529,0.00217394298768848
2685,0.268256832915311,0.00980249853376861
2692.5,0.344157424353322,0.0125760434767801
2700,0.237722016493791,0.0086867055652133
2707.5,0.178267919383776,0.00651415991576409
2715,0.212051562455823,0.00774866616397956
2722.5,0.280516251188111,0.0102504787315821
2730,0.308696764032286,0.0112802446493504
2737.5,0.296029723986885,0.0108173682593878
2745,0.34850258353294,0.0127348239975042
2752.5,0.240781953345904,0.00879852064455706
2760,0.242286678092675,0.00885350574706172
2767.5,0.307150468630506,0.0112237402132449
2775,0.265944760487453,0.00971801148096696
2782.5,0.363241020322602,0.0132733954652302
2790,0.207616218811106,0.00758659176345372
2797.5,0.250689682531385,0.00916056536722566
2805,0.243438370338743,0.00889559046837247
2812.5,0.253855448462301,0.0092762477119613
2820,0.294349991529927,0.0107559878541186
2827.5,0.163409908327772,0.00597122600060673
2835,0.304306071559595,0.0111198008083905
2842.5,0.329336302268532,0.012034451479057
2850,0.11847682067278,0.00432930586890901
2857.5,0.0997942505557887,0.00364661841972545
2865,0.179375622295442,0.00655463704948055
2872.5,0.255146562141902,0.00932342715713698
2880,0.253695164493161,0.00927039066894235
2887.5,0.255148994434273,0.00932351603715693
2895,0.182923047949569,0.00668426534335262
2902.5,0.204343355075383,0.00746699622420263
2910,0.227032149050386,0.00829608055544765
2917.5,0.300343808378008,0.0109750125972207
2925,0.293176887415903,0.0107131205524814
2932.5,0.20128764103141,0.00735533569215128
2940,0.330049999666262,0.0120605313234035
2947.5,0.269931604497207,0.00986369754010557
2955,0.289116029047841,0.0105647296269793
2962.5,0.223654798603351,0.00817266677202761
2970,0.30417146929078,0.0111148821990425
2977.5,0.300799223738462,0.0109916542898805
2985,0.299428087745689,0.0109415505276133
2992.5,0.243354374682662,0.00889252112939634
3000,0.168046654841832,0.00614065960433819
3007.5,0.294954053862419,0.0107780613629436
3015,0.287844982158569,0.0105182833418839
3022.5,0.268836765943903,0.00982369027363718
3030,0.229212221795861,0.00837574391135336
3037.5,0.276755723445228,0.0101130625468824
3045,0.226592545587365,0.00828001674086629
3052.5,0.238057249682178,0.00869895553118583
3060,0.172349422058575,0.006297889139914
3067.5,0.187652362594055,0.00685708168171341
3075,0.22104621786888,0.00807734507962188
3082.5,0.201104036142835,0.00734862648524718
3090,0.356454772997674,0.0130254125475371
3097.5,0.275077748489825,0.010051746453524
3105,0.265639838171315,0.00970686910275901
3112.5,0.314428386801983,0.0114896885947466
3120,0.246870180536275,0.00902099445344666
3127.5,0.201527461289172,0.00736409909578298
3135,0.251300599124314,0.00918288927221583
3142.5,0.347581662117156,0.0127011717424381
3150,0.284249173773956,0.0103868862142227
3157.5,0.204203188013647,0.00746187430189677
3165,0.277967081887251,0.010157327674303
3172.5,0.119371383188188,0.00436199445387161
3180,0.225345151470261,0.00823443496438828
3187.5,0.298735402781806,0.0109162385818347
3195,0.238311335940949,0.00870824025653484
3202.5,0.151637934250027,0.00554106073609677
3210,0.223172392764443,0.00815503889366609
3217.5,0.305055324299019,0.0111471798540216
3225,0.198629714386992,0.00725821094369275
3232.5,0.328566910946903,0.0120063364758762
3240,0.200824273405989,0.00733840352181261
3247.5,0.296036669989336,0.0108176220786624
3255,0.206766037789982,0.0075555248224981
3262.5,0.325820079450114,0.0119059621120565
3270,0.37228018872643,0.0136037048339867
3277.5,0.28553552360056,0.0104338916826669
3285,0.134147794394968,0.00490194564742205
3292.5,0.322466834485477,0.0117834282975101
3300,0.127814669839751,0.00467052418775039
3307.5,0.219375628051606,0.00801629907611899
3315,0.303827976643638,0.0111023303592599
3322.5,0.23211138590431,0.00848168403580465
3330,0.27323886677841,0.00998455055895064
3337.5,0.267071367076969,0.00975917959718315
3345,0.269969810486188,0.00986509365210697
3352.5,0.300361002788749,0.0109756409117636
3360,0.240023237589972,0.00877079593232851
3367.5,0.208930960895851,0.00763463449334909
3375,0.302224435607185,0.0110437340872232
3382.5,0.303706163095448,0.0110978790729682
3390,0.276623560935165,0.0101082331009844
3397.5,0.219741154242606,0.00802965598279583
3405,0.277831292913912,0.0101523657107445
3412.5,0.155202089198396,0.00567130018309803
3420,0.246254006030591,0.00899847842220818
3427.5,0.280243715965639,0.0102405198221218
3435,0.245837704120403,0.00898326606530082
3442.5,0.303813341168621,0.0111017955526594
3450,0.265818329701059,0.0097133914857306
3457.5,0.302805864601055,0.011064980546976
3465,0.245046510357361,0.00895435454426968
3472.5,0.263655852594135,0.00963437091319486
3480,0.32303091417175,0.0118040408170551
3487.5,0.19445146306047,0.00710553120856934
3495,0.205123361673888,0.00749549887843571
3502.5,0.349532888876756,0.0127724733569015
3510,0.248320387701704,0.00907398741526808
3517.5,0.251310402044632,0.00918324748718144
3525,0.234651195820241,0.00857449279502863
3532.5,0.264137671478243,0.00965197738944817
3540,0.296590735858878,0.0108378686307134
3547.5,0.210261806770453,0.00768326568445809
3555,0.317177261568126,0.0115901375256889
3562.5,0.273214505115017,0.00998366034200858
3570,0.160295496323226,0.00585742077991111
3577.5,0.245025053293211,0.0089535704678854
3585,0.231908952150216,0.00847428677988
3592.5,0.224711148646847,0.00821126748832162
3600,0.288101093268414,0.0105276420911651
3607.5,0.24928896374816,0.00910938078441468
3615,0.281000830926009,0.0102681861157084
3622.5,0.171264175217232,0.00625823259781054
3630,0.274855807938908,0.0100436363643064
3637.5,0.216739874220445,0.00791998445970244
3645,0.129176757528379,0.00472029682228594
3652.5,0.30324010523696,0.011080848480409
3660,0.331421202164205,0.0121106376445135
3667.5,0.211174874282117,0.00771663060242842
3675,0.181754332868915,0.00664155872582675
3682.5,0.203946763357294,0.00745250414647833
3690,0.233377784708351,0.00852796029305799
3697.5,0.189119667775262,0.00691069924930848
3705,0.113134766024715,0.00413409962306364
3712.5,0.226764777942666,0.0082863103869153
3720,0.19752823331297,0.00721796112647995
3727.5,0.284843865234081,0.0104086172778517
3735,0.247642646771508,0.00904922164317169
3742.5,0.257421021469864,0.00940653970086768
3750,0.254701185942863,0.00930715236824869
3757.5,0.309185339795176,0.0112980980945892
3765,0.175415172681359,0.00640991626187572
3772.5,0.26056417126233,0.00952139566678182
3780,0.259112648429305,0.00946835458450802
3787.5,0.0828181310935823,0.00302628737808813
3795,0.165141117430405,0.0060344869482206
3802.5,0.224709249745604,0.00821119809943779
3810,0.240361711354311,0.00878316431602671
3817.5,0.243856168868496,0.00891085751183877
3825,0.289320323012205,0.0105721948875683
3832.5,0.285210863557887,0.0104220280374663
3840,0.280770438059467,0.0102597671606687
3847.5,0.182788752665166,0.0066793579903242
3855,0.318209170644398,0.011627845383939
3862.5,0.221119296139932,0.00808001547577323
3870,0.199359479431033,0.00728487768517616
3877.5,0.319999349509956,0.0116932618247076
3885,0.253765245801364,0.00927295155658395
3892.5,0.211315523335619,0.00772177013944112
3900,0.208825143903342,0.00763076777498758
3907.5,0.300733022910359,0.0109892351930562
3915,0.209936765401789,0.00767138816380559
3922.5,0.29679197922093,0.0108452224212101
3930,0.234065750169383,0.00855309966343841
3937.5,0.233634878363576,0.00853735491081247
3945,0.279874549072786,0.0102270298242401
3952.5,0.274586738274328,0.010033804096443
3960,0.216927027359281,0.00792682333110549
3967.5,0.237219583144245,0.00866834583388065
3975,0.234525589719048,0.0085699029447395
3982.5,0.264288496704475,0.00965748879821729
3990,0.20433440960477,0.0074666693428008
3997.5,0.198864953143513,0.00726680693095772
4005,0.260444448093077,0.00951702078089081
4012.5,0.286917879342102,0.010484405379971
4020,0.22096600512277,0.00807441397842784
4027.5,0.302178914110206,0.0110420706500035
4035,0.163207313704794,0.00596382289299153
4042.5,0.26798730957786,0.00979264969260743
4050,0.225175982388436,0.0082282532557836
4057.5,0.252629502345091,0.00923144960190517
4065,0.298105646785222,0.0108932261741261
4072.5,0.211251125332264,0.00771941693538993
4080,0.12780759123839,0.00467026552552675
4087.5,0.203552077990402,0.00743808173009871
4095,0.279540856404729,0.0102148361163138
4102.5,0.233892695374538,0.00854677596130546
4110,0.250518353796664,0.00915430473141951
4117.5,0.348978589689149,0.0127522181870009
4125,0.317604003470646,0.0116057314603955
4132.5,0.167708793510765,0.00612831364836417
4140,0.201387788136642,0.00735899522246204
4147.5,0.178919576158627,0.00653797243611517
4155,0.309620785788693,0.011314010082218
4162.5,0.239109066702293,0.00873739063760726
4170,0.254454603644107,0.00929814184013676
4177.5,0.156201600882635,0.00570782380878128
4185,0.209262379114697,0.00764674503341753
4192.5,0.0956425117669906,0.00349490807978112
4200,0.153264331276748,0.00560049166546653
4207.5,0.227752791390792,0.00832241398162583
4215,0.192627990618951,0.00703889872902977
4222.5,0.26034268738479,0.00951330227355168
4230,0.160300809371904,0.00585761492655459
4237.5,0.291997405709856,0.0106700202062886
4245,0.317883770807616,0.0116159546742164
4252.5,0.281838955015491,0.0102988126251776
4260,0.237517822396699,0.00867924398090368
4267.5,0.236282473478404,0.00863410232490708
4275,0.392991116102587,0.0143605248439502
4282.5,0.179987088523912,0.00657698094787201
4290,0.239682035040012,0.00875832783462096
4297.5,0.280923942915388,0.0102653764943953
4305,0.298115433318369,0.0108935837914994
4312.5,0.250477172442955,0.00915279989654067
4320,0.270189971324493,0.00987313870471914
4327.5,0.155746029312041,0.00569117655396079
4335,0.144592440057551,0.00528360810395809
4342.5,0.174920051950506,0.00639182380732641
4350,0.243437896544599,0.00889557315515767
4357.5,0.298542317469627,0.0109091828999079
4365,0.128885504593446,0.00470965402279941
4372.5,0.305973149466044,0.0111807188422769
4380,0.28030304230182,0.0102426877092689
4387.5,0.156203989221655,0.00570791108220046
4395,0.215884911280478,0.00788874276393468
4402.5,0.295762387818068,0.0108075993207531
4410,0.333949197373588,0.0122030153653046
4417.5,0.171921060103279,0.00628223615340126
4425,0.297487407119564,0.0108706345948136
4432.5,0.243697387488492,0.00890505537976346
4440,0.179012019634329,0.00654135046005405
4447.5,0.228392731546585,0.00834579842159
4455,0.204311041723177,0.00746581544408301
4462.5,0.220090198954875,0.00804241063036938
4470,0.287052939005474,0.01048934069665
4477.5,0.270416482942096,0.0098814158257736
4485,0.271269702851726,0.0099125939385214
4492.5,0.209913098046157,0.00767052332157419
4500,0.366627503137359,0.0133971443149238
4507.5,0.265100413808083,0.00968715762290813
4515,0.368042379171842,0.0134488467248242
4522.5,0.228060422335082,0.00833365530975675
4530,0.192535468918934,0.00703551784438367
4537.5,0.272917978482494,0.00997282475066495
4545,0.171018416910702,0.00624925222213633
4552.5,0.251184576172604,0.00917864960116515
4560,0.272211871665311,0.00994702239836768
4567.5,0.172554819222758,0.00630539465959802
4575,0.206930737850908,0.00756154321957414
4582.5,0.25929003219973,0.00947483648512538
4590,0.246646649522264,0.00901282626194802
4597.5,0.219118258029256,0.00800689436753134
4605,0.198279687842565,0.00724542043367505
4612.5,0.193771920198085,0.00708069966948169
4620,0.267828943125169,0.00978686271316141
4627.5,0.244504029469517,0.00893453140150853
4635,0.324006044691426,0.0118396738999572
4642.5,0.27901853702405,0.0101957496622814
4650,0.263447025574097,0.00962674002116963
4657.5,0.275090660871786,0.0100522182941596
4665,0.203599554987925,0.00743981661331895
4672.5,0.314517708944628,0.0114929525894722
4680,0.207797775065497,0.00759322611244002
4687.5,0.231439267967549,0.00845712376254349
4695,0.144900266852752,0.00529485654247335
4702.5,0.201264757373544,0.00735449948785848
4710,0.247843043818473,0.0090565444818771
4717.5,0.157206810761791,0.00574455565640859
4725,0.22836403049946,0.00834474963926283
4732.5,0.256586244567655,0.00937603555672217
4740,0.120252695862718,0.00439419887173542
4747.5,0.194649624448539,0.00711277232997225
4755,0.240372638417862,0.008783563608765
4762.5,0.178040890836506,0.00650586395077431
4770,0.226912066825805,0.00829169255860269
4777.5,0.198741169972546,0.00726228370281233
4785,0.36029115922557,0.0131656016786414
4792.5,0.260886107699836,0.00953315976564905
4800,0.192621686774047,0.00703866837688002
4807.5,0.301806987851003,0.0110284797970378
4815,0.358771571710871,0.0131100729429562
4822.5,0.216944482500061,0.00792746116953322
4830,0.201154774571538,0.00735048054598374
4837.5,0.144246618857274,0.00527097129481609
4845,0.168931213398602,0.00617298269163052
4852.5,0.216844379342414,0.00792380324197266
4860,0.201790147325991,0.00737369805052321
4867.5,0.228092338626531,0.00833482158225065
4875,0.260761047641321,0.00952858986075059
4882.5,0.206228017045256,0.00753586470582161
4890,0.227239138972081,0.00830364429883655
4897.5,0.23098197767373,0.00844041363836537
4905,0.273064359286223,0.00997817375607339
4912.5,0.220912146056358,0.00807244588257143
4920,0.206496780463513,0.00754568573999929
4927.5,0.162696798408677,0.00594516790816326
4935,0.201969278734725,0.00738024378978737
4942.5,0.203046372838079,0.00741960247875996
4950,0.254001712296097,0.00928159243595405
4957.5,0.171159610512748,0.0062544116472807
4965,0.191858634732129,0.00701078528688964
4972.5,0.288761408219525,0.010551771158798
4980,0.313290666667426,0.0114481142189165
4987.5,0.279041051933562,0.0101965723960213
4995,0.253650683713876,0.00926876526724191
5002.5,0.303363843760318,0.0110853701085883
5010,0.34822382482751,0.0127246376133297
5017.5,0.320500737114677,0.0117115834552269
5025,0.362324385331045,0.0132398997977827
5032.5,0.324569690815529,0.0118602705790606
5040,0.31168367565139,0.0113893918329828
5047.5,0.280717740372417,0.0102578414957819
5055,0.295983295875483,0.010815671693685
5062.5,0.204433627746776,0.00747029492795216
5070,0.320070195167211,0.0116958506560231
5077.5,0.257543795991318,0.00941102608736507
5085,0.325173087986088,0.0118823198365433
5092.5,0.250177673449715,0.0091418557073507
5100,0.228221254579037,0.00833953237800215
5107.5,0.238924936593871,0.00873066222347057
5115,0.181835829169972,0.00664453672390774
5122.5,0.249061807759835,0.00910108012906065
5130,0.239078283492726,0.00873626576897383
5137.5,0.224751156685787,0.00821272944595641
5145,0.223016772258504,0.00814935227241058
5152.5,0.175868301553652,0.00642647427126062
5160,0.273312049358287,0.00998722477588125
5167.5,0.185834519100548,0.00679065491538063
5175,0.249675441215733,0.00912350331030226
5182.5,0.363175484722452,0.0132710006638328
5190,0.281075723190265,0.0102709228090021
5197.5,0.248215209124707,0.00907014401641103
5205,0.240056278026434,0.00877200328378316
5212.5,0.227896354732964,0.00832766001639204
5220,0.251100421092743,0.00917557443501734
5227.5,0.270549073800375,0.00988626092206697
5235,0.240201398339977,0.00877730621683772
5242.5,0.219906383976596,0.00803569373939352
5250,0.2341869625003,0.0085575289581208
5257.5,0.282394035484818,0.0103190962303741
5265,0.284605228642194,0.0103998970802702
5272.5,0.138477487070071,0.00506015886106912
5280,0.237110794498705,0.00866437052000578
5287.5,0.198746330305146,0.0072624722693307
5295,0.299690750787923,0.0109511487046814
5302.5,0.27097522411508,0.0099018331823154
5310,0.352835030821147,0.0128931400647502
5317.5,0.184061569092741,0.00672586863104707
5325,0.274246379716755,0.0100213668102165
5332.5,0.163478946672847,0.00597374876401309
5340,0.234831975843726,0.00858109878982586
5347.5,0.273699551182436,0.0100013847570934
5355,0.19120449051445,0.00698688185641949
5362.5,0.266629305926,0.00974302593232058
5370,0.259541688421616,0.00948403242588266
5377.5,0.291223301911628,0.0106417330874707
5385,0.190107508273572,0.00694679644887879
5392.5,0.197104703877534,0.00720248470833766
5400,0.366885984065881,0.0134065897262801
5407.5,0.377370131848262,0.0137897017084184
5415,0.214231684257748,0.00782833124250742
5422.5,0.188021363238461,0.00687056552727181
5430,0.165928042377563,0.00606324235421297
5437.5,0.356975990035832,0.0130444588447123
5445,0.187575949893281,0.00685428944527668
5452.5,0.342859139908115,0.0125286016643226
5460,0.30483861258942,0.0111392608173579
5467.5,0.21673494854972,0.00791980446791237
5475,0.223995480407258,0.00818511582853103
5482.5,0.248956265642371,0.00909722344564582
5490,0.293378606058997,0.0107204917086202
5497.5,0.197486083519784,0.00721642090807738
5505,0.240840779804984,0.00880067025945473
5512.5,0.282136465005799,0.0103096841572538
5520,0.245921573879138,0.00898633080427637
5527.5,0.21652645754251,0.00791218587717314
5535,0.223205572506309,0.00815625133430985
5542.5,0.17618191298067,0.00643793410390939
5550,0.240801642621204,0.00879924012283467
5557.5,0.237981113348704,0.00869617338569942
5565,0.208841023454833,0.00763134803862685
5572.5,0.302195637706671,0.0110426817602398
5580,0.245821273296936,0.00898266565597961
5587.5,0.286347869873899,0.0104635762360959
5595,0.21370846807555,0.00780921209963985
5602.5,0.14898780395852,0.00544422110220307
5610,0.341957040671102,0.0124956372252228
5617.5,0.141983687817636,0.0051882805106686
