3.691332000209553854e+01,2.077349987235819810e+02,4.907260742193693126e+00,8.387827826644571327e-02,1.057274838406019946e+01
3.686949605339099634e+01,2.073142616654773178e+02,4.902507505439770874e+00,8.366550469155906167e-02,1.057275102807434664e+01
3.686302000327392392e+01,2.072135859273375615e+02,4.936107560509481296e+00,8.434566387621028616e-02,1.057283871033856215e+01
3.710067329292508020e+01,2.076763531361322919e+02,4.888466488401918220e+00,8.385937175751875805e-02,1.057329813778056149e+01
3.687993795912839090e+01,2.076942523940801948e+02,4.881654261702893294e+00,8.341567699316387863e-02,1.057330169703268652e+01
3.699699102619976543e+01,2.075314532128522842e+02,4.967698573801988537e+00,8.507515395723785900e-02,1.057333493764437904e+01
3.682693109859179970e+01,2.076145465942491626e+02,4.895220560262150578e+00,8.346142916315912874e-02,1.057342842718176357e+01
3.691789721559310777e+01,2.078410382660563300e+02,4.893660221888429085e+00,8.365584838601011763e-02,1.057364741266443176e+01
3.715513675986272801e+01,2.074829379396275613e+02,4.938454262835796804e+00,8.465267476541762925e-02,1.057378916650493750e+01
3.703125053452013304e+01,2.073180057255748068e+02,4.873575049291093642e+00,8.345633221027336235e-02,1.057388353343660015e+01
3.710407626890508226e+01,2.072804671033439945e+02,4.918290341070662208e+00,8.421322477246587224e-02,1.057398604917201723e+01
3.712656358537364554e+01,2.075217758585053218e+02,4.858867045198108414e+00,8.324293076351958753e-02,1.057416663838753479e+01
3.702320035427044331e+01,2.079232603816263918e+02,4.886351405449233631e+00,8.359895133966258052e-02,1.057443981572906644e+01
3.727142720048244229e+01,2.077083357080096278e+02,4.951333575110604457e+00,8.524112342458119163e-02,1.057444217861572966e+01
3.694978313078971155e+01,2.074775976822795087e+02,4.908854250728375668e+00,8.414326821992507144e-02,1.057452718550813309e+01
3.668037309618249253e+01,2.073263420379087449e+02,4.860791468585049735e+00,8.271440802035595619e-02,1.057465526151829671e+01
3.670448095995981674e+01,2.076945481370917719e+02,4.882466617163746747e+00,8.310179109392265562e-02,1.057478280261057257e+01
3.715488619328528586e+01,2.078609581720044730e+02,4.944539268869018400e+00,8.501626071610539348e-02,1.057484376208793009e+01
3.655402710830919233e+01,2.070552079964901111e+02,4.932660535218905906e+00,8.389791486327448367e-02,1.057487552461917169e+01
3.656110228448196864e+01,2.075008737937663454e+02,4.884891231544961521e+00,8.299771248930609691e-02,1.057494322846414292e+01
3.684072021885910431e+01,2.079085246579258524e+02,4.911363146805828528e+00,8.396879935738138512e-02,1.057495803314644256e+01
3.672883556175126785e+01,2.078541447142305003e+02,4.926993948692591552e+00,8.395518513324626286e-02,1.057547302163519021e+01
3.725054553220923026e+01,2.075819289067732427e+02,4.987965454457043535e+00,8.581634067882212835e-02,1.057567169506501514e+01
3.717305192129770575e+01,2.078409994730293988e+02,4.858965672353313003e+00,8.344239814126702681e-02,1.057582337531008321e+01
3.734059601720204569e+01,2.076183830812287852e+02,4.909132411273458452e+00,8.429610319072178282e-02,1.057610310386919750e+01
3.714711319722253080e+01,2.079035612129112565e+02,4.927201332919429966e+00,8.438019250581897668e-02,1.057627826272055671e+01
3.660630004800458437e+01,2.076841062641485394e+02,4.946202411231094054e+00,8.410437369484584369e-02,1.057639607323765674e+01
3.704877046322321377e+01,2.081180685900025651e+02,4.946705369364265081e+00,8.476616726273653035e-02,1.057660021528855410e+01
3.648805300727344303e+01,2.075618262373612879e+02,4.957152832153044919e+00,8.422005259625599261e-02,1.057661643081743286e+01
3.692540685914647725e+01,2.080526309603379502e+02,4.867516610450651093e+00,8.319220948642869207e-02,1.057661666463297756e+01
3.688549403135520066e+01,2.076825055266592699e+02,4.965988506191204799e+00,8.473722102608478857e-02,1.057684103266763387e+01
3.667394822223133843e+01,2.075193767601066099e+02,4.831474947851844171e+00,8.224989002862732879e-02,1.057716928512158816e+01
3.675180760956789072e+01,2.068428923048282968e+02,4.893529201912266480e+00,8.329403534652130014e-02,1.057728363665572502e+01
3.717923035026426248e+01,2.076097394354422647e+02,5.011613556930335278e+00,8.624170604774775151e-02,1.057751801902975863e+01
3.743769290065330324e+01,2.072880256456257371e+02,4.949834339056506494e+00,8.532922590901854953e-02,1.057768987881456901e+01
3.670907774288495062e+01,2.068293670415504550e+02,4.871480860379781674e+00,8.289478777428530010e-02,1.057772015684421341e+01
3.713720520123424507e+01,2.082033648577269105e+02,4.882944497373270742e+00,8.383371730826054413e-02,1.057773426844780218e+01
3.668544000476485678e+01,2.071947354869475362e+02,4.984275120116675950e+00,8.481605324154917191e-02,1.057781159595003473e+01
3.661753734537353466e+01,2.073916227527918466e+02,4.827428738874366410e+00,8.196830995076768989e-02,1.057799963532001897e+01
3.650331158668321052e+01,2.068240475678218218e+02,4.947790478018998073e+00,8.399286219244347929e-02,1.057800185397369930e+01
3.654367868127747698e+01,2.070402598112253543e+02,5.001355159892077573e+00,8.517300973323890800e-02,1.057825358278000394e+01
3.735644866223745453e+01,2.071665448681210364e+02,4.894747462663967319e+00,8.429840464167275005e-02,1.057832348755735019e+01
3.756298550484032717e+01,2.075395578706784079e+02,4.911770945718013870e+00,8.488850990918567208e-02,1.057832402661284377e+01
3.678751545481527074e+01,2.068876731603131987e+02,4.998273214790462937e+00,8.541688362788318889e-02,1.057844378406983132e+01
3.665664583903087248e+01,2.080251138153545583e+02,4.919318946266662884e+00,8.389501803977952865e-02,1.057849499702676965e+01
3.709860117803894752e+01,2.069282153381262219e+02,4.930435391790711108e+00,8.467334141004956294e-02,1.057862035861964500e+01
3.641694371658758911e+01,2.074904478980349154e+02,4.877351133773264458e+00,8.257445156009840526e-02,1.057872965869537474e+01
3.729986853480697562e+01,2.082881398131345350e+02,4.878706663461413129e+00,8.388939400565047222e-02,1.057873699517563182e+01
3.672243607183544611e+01,2.066700842495506265e+02,4.902338982429935932e+00,8.348835134399681945e-02,1.057881571590761816e+01
3.728386056163882500e+01,2.078834247393057524e+02,4.921993741572175729e+00,8.438794800489675396e-02,1.057883086013380769e+01
3.633267680207166705e+01,2.072156226756867170e+02,4.945139136126750934e+00,8.398759905212498100e-02,1.057884044351202135e+01
3.744874087803194840e+01,2.082487678646922689e+02,4.884852842291717678e+00,8.417998976678321699e-02,1.057886089563125864e+01
3.656526391861644498e+01,2.075533538696710423e+02,5.000162132970188189e+00,8.529404006327349907e-02,1.057911716494155030e+01
3.742269261362307020e+01,2.071370801185074413e+02,4.892021043164765715e+00,8.424942834987091123e-02,1.057914515739679828e+01
3.743991958658773456e+01,2.073725544501527622e+02,4.858666661846102741e+00,8.353624447534203912e-02,1.057915118215723282e+01
3.674866178555218710e+01,2.080030763988166314e+02,4.858244326080629172e+00,8.267378279713970268e-02,1.057924189193017028e+01
3.746392054491875001e+01,2.071531886362258774e+02,4.924035189431244852e+00,8.486945956041251626e-02,1.057926192324944736e+01
3.738400295961304920e+01,2.077318174626550160e+02,4.832858600455553599e+00,8.296714653950269802e-02,1.057940958793320618e+01
3.750191498476525709e+01,2.072774274695575798e+02,4.940694124440596191e+00,8.534533430310083102e-02,1.057950067419643858e+01
3.668797421204902776e+01,2.074820146741695623e+02,4.834828688136619590e+00,8.248207696598441885e-02,1.057989961969968817e+01
3.652697151534753317e+01,2.067939013505107653e+02,4.984480647090254735e+00,8.467296770121864047e-02,1.058005468534358684e+01
3.655898539618149812e+01,2.072705002562029790e+02,4.908429980872135445e+00,8.316865759170712080e-02,1.058015272351829950e+01
3.629579992675432720e+01,2.068841740160199549e+02,4.861485760971802073e+00,8.221423041825720590e-02,1.058070747880195839e+01
3.767457981543995515e+01,2.078232078046108029e+02,4.882595401207001196e+00,8.452867287718128508e-02,1.058073550098002436e+01
3.751844184246949254e+01,2.080282802710179340e+02,4.945159122370910154e+00,8.559546737544553030e-02,1.058080546825440571e+01
3.679837092437233537e+01,2.082544901108746842e+02,4.945381150351226829e+00,8.438896319615905861e-02,1.058112177267454079e+01
3.652242573687072991e+01,2.079446334603136677e+02,4.852946515727166066e+00,8.248435346825332137e-02,1.058112212834232224e+01
3.732783241562653131e+01,2.073185948016961220e+02,4.942086424536514144e+00,8.533558865053740561e-02,1.058143319225932188e+01
3.637088040830632707e+01,2.070767507647418313e+02,5.024709916714757973e+00,8.536148100634204094e-02,1.058199118800659733e+01
3.678305919670604851e+01,2.072820168587526268e+02,5.016635275561955432e+00,8.599278526284900859e-02,1.058199402487994867e+01
3.696910290805643484e+01,2.068569255813546590e+02,4.885627609395181814e+00,8.327178467999526990e-02,1.058203487025907563e+01
3.681990528309830779e+01,2.065741968850385319e+02,4.885252379295142333e+00,8.344844610759827308e-02,1.058273956587814979e+01
3.753407205266464786e+01,2.078750426643468074e+02,4.849966176687588337e+00,8.385341106722225823e-02,1.058288766874490250e+01
3.653404482344731719e+01,2.079431019477150926e+02,4.832045908432220926e+00,8.194666997769664563e-02,1.058291546802607108e+01
3.657086617862901079e+01,2.067333199929849741e+02,4.840894486241095862e+00,8.237676891110361221e-02,1.058369622533147236e+01
3.696365325473178842e+01,2.083002132998341267e+02,4.898312448033174782e+00,8.407177671380536288e-02,1.058376943092332567e+01
3.697344567871758869e+01,2.065410377622484361e+02,4.959022100851631976e+00,8.498314130296678870e-02,1.058394916335395841e+01
3.698196974490846856e+01,2.065068766567957539e+02,4.962329192143088541e+00,8.484257526448643616e-02,1.058462353529802691e+01
3.691811281155167990e+01,2.069876498002997209e+02,4.873080654149302582e+00,8.288643860237870920e-02,1.058498444436719232e+01
3.633410729277907336e+01,2.079269279759733138e+02,4.894860584934785486e+00,8.278680958905501597e-02,1.058501599162607221e+01
3.645810516763923914e+01,2.071925558813537975e+02,5.065893078803478389e+00,8.623573304822688967e-02,1.058573723047770265e+01
3.650028597538619834e+01,2.066831418366159880e+02,4.961957071471326586e+00,8.404348876913991795e-02,1.058576996257024305e+01
3.643857766133106679e+01,2.074875065228821711e+02,4.937503620359071199e+00,8.348041719605918398e-02,1.058627840920274288e+01
3.669074686323642709e+01,2.070233549232739279e+02,5.024616290409071873e+00,8.542824809399029995e-02,1.058669317837877522e+01
3.749013120102303276e+01,2.071956777382710300e+02,5.031125880532220762e+00,8.675007674898735366e-02,1.058692471915238009e+01
3.779721545194981758e+01,2.084378412759519108e+02,4.890770133553035137e+00,8.458506790561036437e-02,1.058708189921542342e+01
3.620506074171913724e+01,2.072548608674639468e+02,4.995856118833025050e+00,8.434873205213400116e-02,1.058754743300895740e+01
3.626908891156430315e+01,2.063779641386689150e+02,4.887529360875791262e+00,8.252350089310631076e-02,1.058796565367786968e+01
3.630791122374806434e+01,2.072358669706436842e+02,4.779530329307765335e+00,8.068421447017436188e-02,1.058806872067654936e+01
3.740628944264932443e+01,2.082576184349287303e+02,5.006867236729671156e+00,8.611695447714948215e-02,1.058836472512513893e+01
3.754120869019880757e+01,2.069323282832505129e+02,4.926210993791780623e+00,8.524710601325168058e-02,1.058863636298559818e+01
3.624130002387543925e+01,2.076893150395139003e+02,5.001599320550676353e+00,8.501121796140230502e-02,1.058880575280174163e+01
3.617843799935676685e+01,2.065937771062954198e+02,4.832276823553031342e+00,8.170710129779493180e-02,1.058926263469354367e+01
3.631176565277680623e+01,2.076706245635150765e+02,4.881678668774005914e+00,8.302589250221831252e-02,1.058955864928002200e+01
3.620573356044295110e+01,2.073856606316232103e+02,5.066342601042456373e+00,8.598518903159979576e-02,1.059105860899241236e+01
3.768327202967677891e+01,2.088380526855149242e+02,4.970476618884602793e+00,8.612186280236847069e-02,1.059270431189115236e+01
3.639476621700768533e+01,2.085122568964969503e+02,4.894672244179286480e+00,8.322976365511389196e-02,1.059623993521259600e+01
3.790419464361198010e+01,2.080509232968822459e+02,4.809366438828340584e+00,8.303176758829165782e-02,1.059644098837219772e+01
3.618004854308041729e+01,2.068298587773468284e+02,4.976725419268883677e+00,8.377973484217857147e-02,1.059645797401190315e+01
3.728817965371461440e+01,2.072414918872966894e+02,4.978286095100435737e+00,8.511274537938498530e-02,1.059840777795459488e+01
