4.825648645539145321e+01,2.109213908855192301e+02,3.994110529267593357e+00,7.084281634308152442e-02,9.416298547596271828e-02,1.122114739314310761e+01
4.845384184076262812e+01,2.108409135810413488e+02,3.965079392055908425e+00,7.282414179710398894e-02,8.757498423270189403e-02,1.122135986915970207e+01
4.865748285023780539e+01,2.111498125930402523e+02,3.981175517618231297e+00,7.114733436708024772e-02,9.452585671059661465e-02,1.122137378410929998e+01
4.862950338156037589e+01,2.110430809705832473e+02,4.021816151170477305e+00,7.426480845433910960e-02,9.005361142747941861e-02,1.122141878283074057e+01
4.823141892805716680e+01,2.109615574827701607e+02,3.988674921944477703e+00,6.836480910697495528e-02,9.958242192114596936e-02,1.122203039772344724e+01
4.854720675067299851e+01,2.108977398002606378e+02,3.990938940287800385e+00,7.579507568285401287e-02,8.281021310785501022e-02,1.122240876513116881e+01
4.832237544735162516e+01,2.109531529472805573e+02,3.978040965876823432e+00,7.351453548984235309e-02,8.639453778492919844e-02,1.122268270905703957e+01
4.870702081252863280e+01,2.110393601311041891e+02,3.950556923106291141e+00,7.185844385090053854e-02,9.022997965033910384e-02,1.122279302130918310e+01
4.867442416785462456e+01,2.112576549900711029e+02,4.013020681700383285e+00,7.142494831301696157e-02,9.600719548597798358e-02,1.122285577843621951e+01
4.872885632744452522e+01,2.115015152271902252e+02,3.977318072791740100e+00,7.321643232773714094e-02,9.008546261053922144e-02,1.122335899082037614e+01
4.877007100547618279e+01,2.108228810180937955e+02,4.021816395950546408e+00,7.682467749042776184e-02,8.382415919101562918e-02,1.122337432832332205e+01
4.869508336100250290e+01,2.111337511333458963e+02,4.017676598788398223e+00,7.155574058363929624e-02,9.596713663835787500e-02,1.122380841384190475e+01
4.874820648479276031e+01,2.110009751942631340e+02,4.017322274297261409e+00,7.381788683424621300e-02,9.025029434665866879e-02,1.122415301144282296e+01
4.888893509184790531e+01,2.113651524798351886e+02,3.942624601205616308e+00,7.533079003773957005e-02,8.300154072052740029e-02,1.122419958497205172e+01
4.860582889890893199e+01,2.112193961408403027e+02,3.998853943209542905e+00,6.968433993755136779e-02,9.971447502539140806e-02,1.122432329258780470e+01
4.829013010048030452e+01,2.106611459834432765e+02,3.974852269657267012e+00,7.320233691153013589e-02,8.713178018527396873e-02,1.122443400962775506e+01
4.850339171328454313e+01,2.110082382753043930e+02,4.058654425655813469e+00,7.602176801979237952e-02,8.760526440658002179e-02,1.122443568166432470e+01
4.821182269475553284e+01,2.111096084186480653e+02,4.050021861191047456e+00,7.074250868260287262e-02,9.760592288124857185e-02,1.122457316453716913e+01
4.819841408876371958e+01,2.108422735717580565e+02,4.008442577477846491e+00,6.878327443373993821e-02,1.006359308396393426e-01,1.122490039280066298e+01
4.812299233746591653e+01,2.106833514520670008e+02,4.044622890319969244e+00,6.916836623908884096e-02,1.014196504452443276e-01,1.122508392095430096e+01
4.830731579821267019e+01,2.106280344348136566e+02,4.054217693204337003e+00,7.451378424668070322e-02,8.939675823882062278e-02,1.122523213680702625e+01
4.875643706257551457e+01,2.114890353537828673e+02,3.926525029401021438e+00,7.421204608859233165e-02,8.352551876011464482e-02,1.122525293110306244e+01
4.879779917033942382e+01,2.116364986135013737e+02,3.960732711203052592e+00,7.363556302373125417e-02,8.821727683974872614e-02,1.122538062646600210e+01
4.795262244567961574e+01,2.107024754577053329e+02,4.023042944771117568e+00,6.926321627401103853e-02,9.829914500272864120e-02,1.122540647709012696e+01
4.829172572295031785e+01,2.112953693658324994e+02,3.954614468840548902e+00,7.028350635599196761e-02,9.197190114861170107e-02,1.122542143482959887e+01
4.823625490747571121e+01,2.113081516799462634e+02,4.040755427546723233e+00,6.895059128976126217e-02,1.026010027212653636e-01,1.122542668909530938e+01
4.840253640994671258e+01,2.113710768418256976e+02,3.941946804723205133e+00,6.784182500250347803e-02,9.883942285332368571e-02,1.122563784276002963e+01
4.810463606742972331e+01,2.105207302424213083e+02,4.020388735204811326e+00,6.901444632024573977e-02,1.000174251428144895e-01,1.122585410279158147e+01
4.799063635394356453e+01,2.106527885236857571e+02,3.956583339146500844e+00,6.804756013430783568e-02,9.646776989257836721e-02,1.122613991166961611e+01
4.900845246674197853e+01,2.108479435160155901e+02,3.973406449492999926e+00,7.718863180375287736e-02,8.133701072844921887e-02,1.122636513043517148e+01
4.890932890771423303e+01,2.108680766017309338e+02,4.030202662882798492e+00,7.475456549717068855e-02,9.087320920484073805e-02,1.122655723326286292e+01
4.866905914722985216e+01,2.110018461698869316e+02,4.012005804832629252e+00,7.271507525875821332e-02,9.404700496016724087e-02,1.122656743822081538e+01
4.799690105895820835e+01,2.105678229640581662e+02,4.001512152691598878e+00,6.960648241661990254e-02,9.655485661564056077e-02,1.122658480038547246e+01
4.829159741426931873e+01,2.104566014889805388e+02,3.955805463958039336e+00,6.874769088556451080e-02,9.697151396009112689e-02,1.122753615137767369e+01
4.889819432703798441e+01,2.111821647241447977e+02,4.018535994046669835e+00,7.221158792840064178e-02,9.649145673627297637e-02,1.122772143431061664e+01
4.875815599411886581e+01,2.106721590806200481e+02,4.026382937288407682e+00,7.568873330907889552e-02,8.801739822251344880e-02,1.122849584888965424e+01
4.838813776337299544e+01,2.106250815161666878e+02,3.975592450358378827e+00,6.753337710020076989e-02,1.009246252679322359e-01,1.122875151390043591e+01
4.875729310204170019e+01,2.117485418315391428e+02,4.032669396204294543e+00,7.391546571537806198e-02,9.138162757969145455e-02,1.122916533117538762e+01
4.926551102994491771e+01,2.115166726170519667e+02,3.994368915676261178e+00,7.815682832057066487e-02,8.206535065728909339e-02,1.122932628342590888e+01
4.897909993051372624e+01,2.111179673582710166e+02,4.055323552037481960e+00,7.431698667733641073e-02,9.403353416393647746e-02,1.122953516161375020e+01
4.887980869967699959e+01,2.109165653910886817e+02,4.088099783528577724e+00,7.803348763161867263e-02,8.678820983882105933e-02,1.122973470397899831e+01
4.801026970191628607e+01,2.106166754722589474e+02,3.956490328763449860e+00,6.747778555104438913e-02,9.912901412649348376e-02,1.123061212781221840e+01
4.904439462132788918e+01,2.107218945743627785e+02,3.941528867526481683e+00,7.759043293871951963e-02,7.716346714679422902e-02,1.123131033126377787e+01
4.819461898423345758e+01,2.106178402128387859e+02,4.048158367667788582e+00,7.589378295426736643e-02,8.551592189051102078e-02,1.123143871962918539e+01
4.878413391096377438e+01,2.114954062431759212e+02,3.904396584204256282e+00,7.647612735588278643e-02,7.683047644365895157e-02,1.123143918645578410e+01
4.829569663511036026e+01,2.113426859832235323e+02,4.014017330613802947e+00,6.793300808447863548e-02,1.018176748507629709e-01,1.123225646758265839e+01
4.855445663340141493e+01,2.104238427643645082e+02,4.084312949804534298e+00,7.760432589401713988e-02,8.514760692323250502e-02,1.123237182443734028e+01
4.893660681202843676e+01,2.114428078732183280e+02,4.084108730645004570e+00,7.802984067430149273e-02,8.772593725197762315e-02,1.123257012320777193e+01
4.769237231705282198e+01,2.108893520805463595e+02,4.026453750230745143e+00,6.634533116406726716e-02,1.051738849385333713e-01,1.123300130772254413e+01
4.840998643191136352e+01,2.118850525689559561e+02,3.930995232244963944e+00,6.862231177527863824e-02,9.587159532619973779e-02,1.123301748874400374e+01
4.815712387370470537e+01,2.113916271017931479e+02,4.057419114575909980e+00,6.958113085547537602e-02,1.002360502701723083e-01,1.123317669622397474e+01
4.863135714862506376e+01,2.116258246931063240e+02,3.979525767840937256e+00,7.793208356489068900e-02,7.711457925111882272e-02,1.123327880284239555e+01
4.848412172501168982e+01,2.108847398222733602e+02,4.071131418667954804e+00,7.740448346905527688e-02,8.348991150528617400e-02,1.123337806590323318e+01
4.774976323448570525e+01,2.101843286914601379e+02,3.990882408285329586e+00,6.781515886951110239e-02,9.828863578793888001e-02,1.123360360309734141e+01
4.893328176373937310e+01,2.120458335385019666e+02,3.982948245435176116e+00,7.751049163100212636e-02,8.030867562903547252e-02,1.123432311603236577e+01
4.821486467957424082e+01,2.111053066119523010e+02,4.096041328298757556e+00,7.650531842971176888e-02,8.741435167618856472e-02,1.123446103778185190e+01
4.818490741789936038e+01,2.111456026644145823e+02,3.916599656263982876e+00,7.214967284647322288e-02,8.537958346472632187e-02,1.123455052450859526e+01
4.925369300043139731e+01,2.109874751078430393e+02,3.923758877143907142e+00,7.561918133775036299e-02,8.194941137009567611e-02,1.123486917709561439e+01
4.871776709752892032e+01,2.105977343452190951e+02,3.935674881243855783e+00,6.845544018993569846e-02,9.855481280497142837e-02,1.123519072482623393e+01
4.858652694015283657e+01,2.105649538972963342e+02,4.040752378683627910e+00,7.640970197725452384e-02,8.385742960111536304e-02,1.123532255962506099e+01
4.871970206737079678e+01,2.113179823036597327e+02,3.874292878657750183e+00,7.606797950400523423e-02,7.526720091861663353e-02,1.123542376839668755e+01
4.910825607283859995e+01,2.117117641265928967e+02,3.939933155643555729e+00,7.862482461260081323e-02,7.475318949953677072e-02,1.123646315646622895e+01
4.870684798385161685e+01,2.121655394581120788e+02,4.035928448516580502e+00,7.523133622587298286e-02,8.859582931117244986e-02,1.123682705265271764e+01
4.866974554025728850e+01,2.117052342154991322e+02,3.910419188248459132e+00,7.621944374981245995e-02,7.764015814168218066e-02,1.123686800442380473e+01
4.931673562773348607e+01,2.115985346262059750e+02,3.991728933922648714e+00,7.729887649689747009e-02,8.281086981657204138e-02,1.123725215521282550e+01
4.902874563452579793e+01,2.113217001143513016e+02,4.000675960052857860e+00,7.229514638472828159e-02,9.392196731672358689e-02,1.123727617735542594e+01
4.819191246812535923e+01,2.104730572236868511e+02,4.042412316070498335e+00,7.665847047496668343e-02,8.365848838455680614e-02,1.123790760244908427e+01
4.856174244004863283e+01,2.107346319430442918e+02,3.877302770631702256e+00,6.598732602242009249e-02,9.933825166667056838e-02,1.123837396778483111e+01
4.834517970626594519e+01,2.111804624010471230e+02,3.842936413885927216e+00,6.990733617467698169e-02,8.513598236420773235e-02,1.123896964124496201e+01
4.912248593021380572e+01,2.116778806370405164e+02,4.096594213977960308e+00,8.100568556167649092e-02,8.245957398810999095e-02,1.123908915258752295e+01
4.931653908674245912e+01,2.108620024871165128e+02,4.010328854207092952e+00,8.227374421833071050e-02,7.425626652483380274e-02,1.123920571609705732e+01
4.844299338271297017e+01,2.117500705037638795e+02,4.039290744649973952e+00,6.791433628269517853e-02,1.074597001302433630e-01,1.123936101830844692e+01
4.808703166584964350e+01,2.110510628164371099e+02,4.149544500452451601e+00,6.966071213500892034e-02,1.079799226733406531e-01,1.123949173359284615e+01
4.842234880189988644e+01,2.107553692393505287e+02,3.843080376005362009e+00,6.716856900567047539e-02,9.331642273122883746e-02,1.123962274571343478e+01
4.920403418050955935e+01,2.114283299759616739e+02,4.053207954854560313e+00,8.515287087137247968e-02,6.934370364574965473e-02,1.123977518652651852e+01
4.850399750631935092e+01,2.112718882482009803e+02,3.991513369570053982e+00,7.953409228149770083e-02,7.503469471622613296e-02,1.124038744187388339e+01
4.839888506649373312e+01,2.104437842110887118e+02,3.960477138979635381e+00,6.922522278165857412e-02,9.434824544387830636e-02,1.124051221062325823e+01
4.912771630540079570e+01,2.114774918393576399e+02,4.112567707015780449e+00,8.286693664939843995e-02,7.894886501323584993e-02,1.124110253094734624e+01
4.776045403414970991e+01,2.098671624904672228e+02,4.022831815371785247e+00,6.842764092966319156e-02,9.840952092980680133e-02,1.124112227698429756e+01
4.888317919974499404e+01,2.104703551430962989e+02,4.070482562166931828e+00,7.447020508461983657e-02,9.297798976746925181e-02,1.124133697607208582e+01
4.909194638937098176e+01,2.107430150120531493e+02,3.895107953905099230e+00,8.108580545911177329e-02,6.586642891744462491e-02,1.124232299640142863e+01
4.951423174597795196e+01,2.114452686591445172e+02,4.053654903137497101e+00,8.424189272693967390e-02,7.373412010487336021e-02,1.124244724853079269e+01
4.935113368948406531e+01,2.119127865464042202e+02,3.991893986590695054e+00,8.448277901658533817e-02,6.718310487778821061e-02,1.124269451310609647e+01
4.747393053282802811e+01,2.102427589631993783e+02,4.074697318457759287e+00,6.647265412229454162e-02,1.059156636560305426e-01,1.124369012951093794e+01
4.921202093384352594e+01,2.112559888262451295e+02,3.974210691336300894e+00,8.565885750743111593e-02,6.183805118589371513e-02,1.124391960973619220e+01
4.856259322667808220e+01,2.115942496093842919e+02,4.142328188482119700e+00,7.387693905312957277e-02,9.808460310582815811e-02,1.124530782186165645e+01
4.856776599038714437e+01,2.111407591451734618e+02,4.040639004147630331e+00,7.948393696354311144e-02,7.984322758845159573e-02,1.124581026303245501e+01
4.775428999916767481e+01,2.103038725910366509e+02,4.021231905466020606e+00,7.315826932733564270e-02,8.828963328098778096e-02,1.124706138936065791e+01
4.938869391939020659e+01,2.114050826461221106e+02,4.115544532700773139e+00,7.894495213793277510e-02,8.993224462456214652e-02,1.124752817448636577e+01
4.803063758493117064e+01,2.112755193955986215e+02,4.072490319235259726e+00,6.364784302577757014e-02,1.188520023316377988e-01,1.124785622968426857e+01
4.919650550683345358e+01,2.113876452157052199e+02,3.943737746095867802e+00,8.463912298665120237e-02,6.386671517031189405e-02,1.125050902990472856e+01
4.842570413955120046e+01,2.118162587561811279e+02,4.176930086426970057e+00,7.299541624632081838e-02,1.030213048299730011e-01,1.125153951912260197e+01
4.804997179999503487e+01,2.098421662530245726e+02,3.971719931261382452e+00,6.489190603722998218e-02,1.045835056135565877e-01,1.125279397191550146e+01
4.883452524846520504e+01,2.110897617737132066e+02,3.832572547402380181e+00,6.498177261521234649e-02,9.967869969622181192e-02,1.125333398332072576e+01
4.966337793592952465e+01,2.111862810919394065e+02,3.890070992649605763e+00,8.507812711780278481e-02,5.917906392128066684e-02,1.125696355106764379e+01
4.985462280703757187e+01,2.111976284525970584e+02,3.877698086421732082e+00,8.103620763603582022e-02,6.937725147664351721e-02,1.125718713996099751e+01
4.961145057682121262e+01,2.114593485362776164e+02,4.072789414700814348e+00,9.066404075389447592e-02,6.063270681101916304e-02,1.125912026405224253e+01
4.814406810312762985e+01,2.104101327929423633e+02,4.105274018234219113e+00,6.895883707217528857e-02,1.090522325432189410e-01,1.126477593382742626e+01
5.000577091588283452e+01,2.103986915212547331e+02,3.992428948397245492e+00,8.360414543866605264e-02,7.400594848800313985e-02,1.128783636154388148e+01
7.676137267843934353e+01,2.240847728444132372e+02,5.095859366549537306e+00,8.253394796129288613e-01,1.029787989645992649e-02,2.649135385818784272e+01
