time,invT,err
sec,invK,invK
0,0.0309313769818064,0.00262759485083807
0.04,0.147374282734903,0.00451559506209323
0.09,0.300180699324862,0.00805065735347128
0.16,0.435530048362124,0.0113795410384616
0.25,0.546914516410942,0.0141623846473084
0.37,0.634119492812809,0.0163545326761304
0.53,0.705529102978958,0.0181551079772039
0.76,0.767917091959211,0.0197311060588528
1.07,--,0.0208192960226212
1.48,0.846157999627824,0.0217104454714837
2.04,0.879314778123201,0.0225500226219635
2.81,0.893314168092535,0.0229046266765326
3.86,0.903926358188682,0.0231734773246073
5.26,0.907947076899774,0.0232753484059678
7.16,0.903591610465066,0.0231649962136286
9.76,0.891074802083562,0.0228478990889301
19.76,0.832432863565491,0.0213630302374933
29.76,0.770065067822826,0.0197854063825469
39.76,0.719878271217835,0.018517374343909
49.76,0.663293056235733,0.0170896421890883
59.76,0.619770071555908,0.0159932434953385
69.76,0.584287674601984,0.0151007812293117
79.76,0.548593092135067,0.0142044915271972
89.76,0.514600694600994,0.0133526298488429
99.76,0.487552618634591,0.0126761956855074
109.76,0.459346647944502,0.0119723727393393
119.76,0.438534763151168,0.0114542512630362
129.76,0.425723811207506,0.0111358920484767
139.76,0.398115705286619,0.0104515229978669
149.76,0.386000760094302,0.0101520401864612
159.76,0.364328249695087,0.00961775726064732
169.76,0.352625360245485,0.00933012582163419
179.76,0.34138478883255,0.00905450475133015
189.76,0.333206985433945,0.00885441650763879
199.76,0.326439943595687,0.00868914189525669
209.76,0.315205038792949,0.00841538394148381
219.76,0.309015285363343,0.0082649239868138
229.76,0.301238221378897,0.00807627437885982
239.76,0.293572142151418,0.00789077556985412
249.76,0.287187776580846,0.00773666206408625
259.76,0.283832037544245,0.00765579988557064
269.76,0.281256346515126,0.00759380358029124
279.76,0.280270577491245,0.00757009261746358
289.76,0.272197763472676,0.0073762669780159
299.76,0.26894762752898,0.00729841652566248
309.76,0.267369125231957,0.00726064647349742
319.76,0.261775840220496,0.00712702831385624
329.76,0.260737842103223,0.00710226975944474
339.76,0.266111385640088,0.00723057055640744
349.76,0.265058259259861,0.00720540061528236
359.76,0.25618362685439,0.00699378842817072
369.76,0.255243606070395,0.00697142758096923
379.76,0.254185354329895,0.00694626704210932
389.76,0.251509453071995,0.00688270713448893
399.76,0.248972175295492,0.00682252265418031
409.76,0.250077806142879,0.00684873828476902
419.76,0.246360988675998,0.00676067145470478
429.76,0.251687623247238,0.00688693640126742
439.76,0.242501696518787,0.0066694220017446
449.76,0.240678078795824,0.00662637499361106
459.76,0.246756480281562,0.00677003374183482
469.76,0.248678827256108,0.00681556970354621
479.76,0.248359113784278,0.00680799310137754
489.76,0.24510084271711,0.00673085442924282
499.76,0.242316177323468,0.00666504066392744
509.76,0.239810405326885,0.00660590963867834
519.76,0.243307377808775,0.00668845495762947
529.76,0.242610566924759,0.00667199337411781
539.76,0.244614143252291,0.00671934403169996
549.76,0.240937668411303,0.00663249985308243
559.76,0.244728963808796,0.00672205924071549
569.76,0.242796086125044,0.00667637546288922
579.76,0.241719104535149,0.00665094304285628
589.76,0.245319843392289,0.00673603481015458
599.76,0.241738367382266,0.00665139778528591
609.76,0.248441732879012,0.00680995089054531
619.76,0.24657136864899,0.00676565142444478
629.76,0.244015084166669,0.00670518071584448
639.76,0.241448446690748,0.00664455410603247
649.76,0.239908494351479,0.00660822268011122
659.76,0.236853254729845,0.00653624155499638
669.76,0.243603845871864,0.00669546078254031
679.76,0.246325100012305,0.00675982198131447
689.76,0.242525106172245,0.00666997489247998
699.76,0.242388157603334,0.00666674053914865
709.76,0.239942450502995,0.00660902343326543
719.76,0.241693574510794,0.00665034035767399
729.76,0.243114153795533,0.00668388953373318
739.76,0.245132428562316,0.00673160154128924
749.76,0.238855736280163,0.00658340468321979
759.76,0.244137376347967,0.00670807162764909
769.76,0.245128828624778,0.00673151638991933
779.76,0.243006623715201,0.00668134907459272
789.76,0.241449646110354,0.00664458241634534
799.76,0.237448268953275,0.00655024947036862
809.76,0.243172630123495,0.00668527113649548
819.76,0.244567625888369,0.00671824406689066
829.76,0.241895350445094,0.00665510391204194
839.76,0.241335355681288,0.00664188487003543
849.76,0.246438338694298,0.00676250236315636
859.76,0.240352813001114,0.00661870187892465
869.76,0.239007104677681,0.00658697211030072
879.76,0.2414370111055,0.00664428418899179
889.76,0.243785753409282,0.00669976002406102
899.76,0.242309557868731,0.00666488434348691
909.76,0.241843980056276,0.00665389109921283
919.76,0.240576799140779,0.0066239856177666
929.76,0.241298411880344,0.00664101294078338
939.76,0.242876215752387,0.00667826832479234
949.76,0.24023739865183,0.00661597957851387
959.76,0.248035728250488,0.00680033082313675
969.76,0.242008112668326,0.00665776626391853
979.76,0.246965759815173,0.00677498875080806
989.76,0.246196634567162,0.00675678138411769
999.76,0.237832552798662,0.00655929907341337
1009.76,0.235101824495391,0.00649503927285665
1019.76,0.242924128797576,0.00667940019260406
1029.76,0.239537670772137,0.00659947898993085
1039.76,0.242433660064397,0.00666781515508775
1049.76,0.248306565752232,0.00680674793917829
1059.76,0.248151723100959,0.00680307904260886
1069.76,0.243594443426818,0.00669523857537016
1079.76,0.243919487885875,0.00670292101964528
1089.76,0.246176965754611,0.0067563158701317
1099.76,0.24256112734674,0.00667082565766848
1109.76,0.248924245448478,0.00682138654276167
1119.76,0.244765174549221,0.00672291556776448
1129.76,0.244152091468762,0.00670841949766986
1139.76,0.24246375124041,0.00666852582367711
1149.76,0.244860500758238,0.00672516996683418
1159.76,0.249985358497052,0.006846545659757
1169.76,0.248828617251621,0.00681911989551234
1179.76,0.237858888018668,0.00655991932683805
1189.76,0.247005958006216,0.00677594056952053
1199.76,0.244860611473928,0.00672517258525477
1209.76,0.240656452339219,0.00662586477310307
1219.76,0.244351208594299,0.00671312697587091
1229.76,0.241305531232431,0.0066411809667185
1239.76,0.239556841352432,0.00659993096737345
1249.76,0.242878515618812,0.00667832265467974
1259.76,0.246347142502752,0.00676034371812005
1269.76,0.24218961422188,0.00666205194238541
1279.76,0.246054598062417,0.00675341983309369
1289.76,0.24352958584759,0.00669370583456332
1299.76,0.237289579926179,0.00654651308508983
1309.76,0.244591379435879,0.00671880574741038
1319.76,0.237441292191947,0.00655008519254179
1329.76,0.237604193447187,0.00655392111996421
1339.76,0.238177088070833,0.00656741444246427
1349.76,0.239922689438618,0.00660855742633409
1359.76,0.248846618622999,0.00681954656777765
1369.76,0.242389398960794,0.00666676985548163
1379.76,0.245598514800356,0.00674262760609802
1389.76,0.247395923914637,0.00678517533882657
1399.76,0.243069943014495,0.00668284500981473
1409.76,0.245097759452816,0.00673078150033141
1419.76,0.248554433102196,0.0068126216414849
1429.76,0.245852476484206,0.0067486367209329
1439.76,0.234440817195532,0.00647950094780899
1449.76,0.24646468064492,0.00676312590656711
1459.76,0.243983619105442,0.00670443693392215
1469.76,0.241642586595188,0.00664913671721783
1479.76,0.240892732954737,0.00663143956072074
1489.76,0.238522852968064,0.0065755604940792
1499.76,0.246066964670898,0.00675371250065457
1509.76,0.236028678444264,0.00651683781500603
1519.76,0.245324755143126,0.00673615100317268
1529.76,0.243330963602524,0.00668901226873514
1539.76,0.243360564948009,0.00668971173265463
1549.76,0.238763258534222,0.00658122534317005
1559.76,0.245382573898791,0.00673751879540152
1569.76,0.24200339718765,0.00665765492639913
1579.76,0.246124365730363,0.0067550709778855
1589.76,0.242862804058696,0.0066779515009628
1599.76,0.241525508142588,0.00664637305459427
1609.76,0.2468892971963,0.00677317831614611
1619.76,0.242285797616127,0.00666432324285722
1629.76,0.244549210179043,0.0067178086110474
1639.76,0.241115960870846,0.00663670710162712
1649.76,0.239528798423602,0.00659926981172758
1659.76,0.239175204557943,0.0065909342457729
1669.76,0.240752759855845,0.00662813695118362
1679.76,0.247769121438081,0.00679401487703112
1689.76,0.240227815038601,0.00661575353642639
1699.76,0.248361984005604,0.00680806111429865
1709.76,0.242922666008713,0.00667936563612957
1719.76,0.246420419524969,0.00676207820162472
1729.76,0.245239712069521,0.0067341392586425
1739.76,0.242460104333468,0.00666843969337163
1749.76,0.243244033345458,0.00668695822245618
1759.76,0.243023157255511,0.00668173967857267
1769.76,0.24575097199496,0.00674623486942004
1779.76,0.240368328289014,0.00661906785529917
1789.76,0.242736651940801,0.00667497153590312
1799.76,0.246736786305332,0.00676956748684247
1809.76,0.245552646628817,0.00674154238775006
1819.76,0.244631198500771,0.00671974733297966
1829.76,0.241854363843174,0.00665413624897442
1839.76,0.243735268737057,0.0066985668135012
1849.76,0.243606959330921,0.0066955343629137
1859.76,0.244182070256297,0.00670912821456294
1869.76,0.244596683723825,0.00671893117456357
1879.76,0.241405022668556,0.00664352916740411
1889.76,0.241408265295255,0.00664360570232256
1899.76,0.245575081655167,0.00674207318592377
1909.76,0.242488313343224,0.00666910592041033
1919.76,0.237903276594934,0.00656096479993393
1929.76,0.245417553348649,0.00673834631012989
1939.76,0.241751020840075,0.00665169650115355
1949.76,0.24430930438503,0.00671213624237318
1959.76,0.246013584604737,0.00675244922508327
1969.76,0.242652175885749,0.0066729761647665
1979.76,0.251120426420089,0.00687347410048784
1989.76,0.246348373795599,0.00676037286251143
1999.76,0.239237639787746,0.00659240595466344
2009.76,0.240554696271587,0.00662346418902335
2019.76,0.243004474824666,0.00668129830744671
2029.76,0.242828121536312,0.0066771322087448
2039.76,0.243656395558633,0.0066967027068683
2049.76,0.244937270347227,0.00672698560327734
2059.76,0.2431266881517,0.00668418567529441
2069.76,0.242085798157808,0.00665960054528606
2079.76,0.245702837505969,0.00674509593420384
2089.76,0.248006002756447,0.0067996265770241
2099.76,0.245806024537903,0.00674753753406508
2109.76,0.242396528378645,0.00666693822672397
2119.76,0.241082945798782,0.00663592799639859
2129.76,0.238761364625959,0.00658118071241256
2139.76,0.249881872828049,0.00684409136958886
2149.76,0.24646342586691,0.00676309620436164
2159.76,0.243712229810789,0.00669802229754365
2169.76,0.241654595889058,0.00664942021000529
2179.76,0.243578210159985,0.0066948549388091
2189.76,0.247633439323911,0.00679080090709046
2199.76,0.245680360541589,0.00674456410559375
2209.76,0.242100674316815,0.00665995180522689
2219.76,0.24350518142841,0.00669312911417807
2229.76,0.242332031471159,0.00666541506691115
2239.76,0.246207078748579,0.00675702857511754
2249.76,0.242618489805039,0.00667218050823956
2259.76,0.244711601575752,0.00672164865746394
2269.76,0.24932812638151,0.00683096091016335
2279.76,0.244924439069631,0.00672668213210059
2289.76,0.244157018316666,0.00670853597053688
2299.76,0.246066790209791,0.00675370837185232
2309.76,0.245399454687379,0.00673791814501838
2319.76,0.246031037425434,0.00675286225380086
2329.76,0.242325395241311,0.006665258348872
2339.76,0.237856908557579,0.00655987270574669
2349.76,0.244172580580216,0.00670890387149606
