5.151922374316022513e+01,2.306876627884004449e+02,4.683351155456443315e+00,1.472668925499950876e-01,1.943599775713541021e+04
5.157993708264372401e+01,2.310340678582347493e+02,4.681372662944611740e+00,1.472475128312474291e-01,1.943610844580829144e+04
5.168560261523099797e+01,2.313621157932207097e+02,4.703063834677228883e+00,1.480994385270419933e-01,1.943675902272477833e+04
5.168822299244347107e+01,2.301695887051654950e+02,4.687992842476121247e+00,1.478396673630071323e-01,1.943680713218973688e+04
5.186951176752974391e+01,2.306953580747573085e+02,4.683785912454580647e+00,1.478592847284257439e-01,1.943698368479144483e+04
5.138224085173354183e+01,2.306574315159800221e+02,4.660605877562162824e+00,1.459188246810301237e-01,1.943731284421729652e+04
5.189655576470963894e+01,2.304663973218276567e+02,4.684056397401733740e+00,1.478746478846104107e-01,1.943741819572018721e+04
5.131876388265290245e+01,2.314152951087630186e+02,4.698950817644655942e+00,1.474815764393305750e-01,1.943758188993020303e+04
5.136842679997572958e+01,2.316047418209338389e+02,4.677899073524281803e+00,1.470437623433823171e-01,1.943765015210513957e+04
5.115947328475836997e+01,2.306311466899042273e+02,4.690686839252879992e+00,1.467166512665427636e-01,1.943778736196476530e+04
5.144083458385711083e+01,2.300608173897265374e+02,4.713362091190107073e+00,1.481476113300140285e-01,1.943798682829187601e+04
5.200436027353494239e+01,2.314696725210596355e+02,4.690141235851261747e+00,1.488765518462690784e-01,1.943829802396948071e+04
5.172241192429965650e+01,2.318459402683963049e+02,4.725534931648143200e+00,1.494379574405693412e-01,1.943853088884989120e+04
5.145103128181979457e+01,2.316561934491816999e+02,4.726681928312046033e+00,1.487130113109479956e-01,1.943923120197857497e+04
5.160556171177137230e+01,2.320281570319151285e+02,4.724877903999077589e+00,1.490868366034039105e-01,1.943924538395532727e+04
5.139451925858423209e+01,2.297481265164991839e+02,4.650574155888571148e+00,1.454983251846961312e-01,1.943930320306217982e+04
5.182385050743938848e+01,2.320024242278606721e+02,4.696946305492936347e+00,1.491336751767526614e-01,1.943990424994615751e+04
5.117546358615967250e+01,2.297301255559386561e+02,4.704256925140965606e+00,1.474983678154579980e-01,1.943997620706083399e+04
5.103502259625734894e+01,2.309445244049849748e+02,4.661872257787795348e+00,1.460514913735618259e-01,1.944001265419238189e+04
5.144105933450285306e+01,2.299933645588006357e+02,4.729286507210102464e+00,1.484459228367488171e-01,1.944004625824563118e+04
5.181948867343825071e+01,2.305324086445515661e+02,4.647313013131823212e+00,1.461813594046086628e-01,1.944035590326449164e+04
5.140810946784444724e+01,2.323236365433760682e+02,4.671294911236427261e+00,1.464778328655534367e-01,1.944045232286417013e+04
5.188187628408649488e+01,2.327566792220500815e+02,4.703546423675577515e+00,1.491861033567744299e-01,1.944143103326990240e+04
5.223919587533912079e+01,2.313675938447854037e+02,4.669051831647585082e+00,1.480180080574459711e-01,1.944189651402207164e+04
5.119784975634873803e+01,2.316006001727604087e+02,4.657147380525375802e+00,1.450335210516288942e-01,1.944200797187372518e+04
5.192020507359236348e+01,2.320915016901268757e+02,4.693709900542816449e+00,1.494466674891556102e-01,1.944220584458890153e+04
5.157676931406509624e+01,2.287271988717156148e+02,4.685290903498612991e+00,1.471884323006499573e-01,1.944229590301971257e+04
5.187598590285979583e+01,2.329908956063330550e+02,4.707900045997813976e+00,1.491795956831979408e-01,1.944239816480573427e+04
5.145808550504091272e+01,2.295354006424783222e+02,4.738250491542817855e+00,1.492358332704020463e-01,1.944246697642205618e+04
5.173451015541484566e+01,2.288953557106717653e+02,4.659588587519743363e+00,1.467509837159988728e-01,1.944311794134982483e+04
5.206171993499037853e+01,2.298410244084855663e+02,4.751370509721787094e+00,1.505774227555388145e-01,1.944319414734570819e+04
5.157935928053559849e+01,2.317214039276812514e+02,4.754967457285734334e+00,1.505436045823857483e-01,1.944336709928759956e+04
5.106192816251741817e+01,2.294426740934164286e+02,4.717644062025491358e+00,1.478175396244941209e-01,1.944351027569834696e+04
5.114645563847328447e+01,2.321527587195898263e+02,4.634543919927904376e+00,1.448151099045058288e-01,1.944359481298618630e+04
5.099671350588241836e+01,2.298810815422385474e+02,4.660724368244276050e+00,1.462989059061119701e-01,1.944398694402924230e+04
5.144142945832375347e+01,2.330248520084418260e+02,4.685524710472742882e+00,1.477891358152462753e-01,1.944410826743646976e+04
5.196726636806263144e+01,2.322148332070811705e+02,4.641210929719424172e+00,1.466177725865948911e-01,1.944436223761572182e+04
5.158731864602238204e+01,2.312151467511819476e+02,4.723260218996140125e+00,1.501243629691830506e-01,1.944461815565133656e+04
5.105989006712079714e+01,2.312556820463327938e+02,4.701028886364125192e+00,1.480520409585409647e-01,1.944466569270246691e+04
5.085247622145989510e+01,2.296495912669747952e+02,4.683492121810536091e+00,1.450783004921435970e-01,1.944518665932293152e+04
5.251003522057114736e+01,2.302665326862096151e+02,4.696615222202787265e+00,1.500198055963700983e-01,1.944531197190099920e+04
5.238244926080670183e+01,2.320940154830417441e+02,4.683889291163933599e+00,1.498115562310115001e-01,1.944556934368560906e+04
5.158267224968605547e+01,2.290180839603943923e+02,4.738831201152534867e+00,1.497922788946552397e-01,1.944574282814973776e+04
5.061556711444930556e+01,2.302996763064115271e+02,4.678370943677293781e+00,1.458629275210583942e-01,1.944586729479764108e+04
5.105489596816501319e+01,2.319262646401210475e+02,4.667066110146041780e+00,1.468853721054928785e-01,1.944591390196458087e+04
5.142325302055362357e+01,2.333245161902160874e+02,4.684466862075445270e+00,1.476730926202304561e-01,1.944606950245070402e+04
5.221504589689419618e+01,2.332379227442068839e+02,4.708784736083352129e+00,1.493150821876601808e-01,1.944653481776168337e+04
5.137995695721309630e+01,2.293764441999398969e+02,4.713333956692739690e+00,1.467638184525790479e-01,1.944737310051839813e+04
5.099385312906804302e+01,2.319315928133697753e+02,4.710725488690287399e+00,1.482501149509675709e-01,1.944742361635646375e+04
5.207685099554361585e+01,2.316300913834504627e+02,4.784697968282059399e+00,1.526621721392933395e-01,1.944747320969355496e+04
5.181842472982070547e+01,2.334837066415130096e+02,4.674541414260202643e+00,1.483092649851211198e-01,1.944774150995204400e+04
5.134352591253594511e+01,2.324623533773191753e+02,4.703394747539334730e+00,1.466169076795372783e-01,1.944811490352016335e+04
5.192884673565923492e+01,2.302721318311173206e+02,4.665141226501495098e+00,1.487750813695620788e-01,1.944828096500737229e+04
5.258987651618796377e+01,2.312777887996101072e+02,4.681186734656717974e+00,1.500690533171617214e-01,1.944829189577453144e+04
5.089825494939820771e+01,2.293883048516175620e+02,4.709333766732053839e+00,1.459613831615612922e-01,1.944831578460741002e+04
5.057932927089284192e+01,2.288518554659134452e+02,4.636593396709978165e+00,1.434116709824772573e-01,1.944836691963438716e+04
5.111724805752415790e+01,2.290309508524760247e+02,4.748068809696710524e+00,1.487356535050425588e-01,1.944904063155486074e+04
5.187004859489392317e+01,2.304642385896743235e+02,4.707578665838423326e+00,1.504826324614500777e-01,1.944981759313150178e+04
5.092364503321621783e+01,2.322645309716522206e+02,4.631201564630902823e+00,1.435499892030246694e-01,1.944992958415033718e+04
5.139446763096734827e+01,2.310430574969638542e+02,4.769199126356376439e+00,1.511016798343224055e-01,1.944999227389337102e+04
5.221590634833674471e+01,2.315146235280995199e+02,4.621374624266080922e+00,1.461594419462036720e-01,1.945010446122035501e+04
5.161028243689177231e+01,2.288667615975400054e+02,4.620457233807441888e+00,1.442730945281645027e-01,1.945012217308545951e+04
5.091251526511607040e+01,2.314377503688996285e+02,4.757644963049955322e+00,1.490202694767730762e-01,1.945108184116021584e+04
5.234161902086781737e+01,2.308700777803088329e+02,4.688992229531952383e+00,1.506277558968380226e-01,1.945161382264169515e+04
5.120092586953230551e+01,2.303891545297739185e+02,4.585766601664278852e+00,1.423174371904334656e-01,1.945189293732219812e+04
5.139710599581379569e+01,2.322173044107470616e+02,4.687470766607354733e+00,1.457105419515611899e-01,1.945217868226536666e+04
5.077852467401097414e+01,2.299617089764283833e+02,4.684701994099502720e+00,1.472207963112169560e-01,1.945220177289721687e+04
5.179143528568688026e+01,2.283602450904871262e+02,4.757350344578020085e+00,1.506599991232781544e-01,1.945220214099351142e+04
5.252801939600839631e+01,2.300433528774111380e+02,4.656516421193269473e+00,1.475597076045281619e-01,1.945233064527970419e+04
5.121526197066551589e+01,2.292846593991196471e+02,4.576926897044661935e+00,1.426888403128740990e-01,1.945268321569178079e+04
5.094303412614971904e+01,2.327380342617244366e+02,4.738358829764002245e+00,1.487330441153804361e-01,1.945268643594582682e+04
5.087010139523004426e+01,2.319783601491694753e+02,4.608887397493889537e+00,1.425597377028240131e-01,1.945282094710701494e+04
5.159334920472813479e+01,2.277232605601912496e+02,4.661787366506967345e+00,1.456025915840103158e-01,1.945338608463556011e+04
5.245914581859260295e+01,2.329660997134554634e+02,4.645418714585814790e+00,1.478982061209741516e-01,1.945360746827408002e+04
5.123989790150110935e+01,2.271575800922717292e+02,4.672680233460877020e+00,1.457082443019023510e-01,1.945508692105835871e+04
5.181389936813811659e+01,2.273568080565467540e+02,4.681051069448753488e+00,1.471538469217261169e-01,1.945525289728044299e+04
5.244923003335441791e+01,2.312206740065803103e+02,4.723569663363701210e+00,1.489680299083508963e-01,1.945534693751659142e+04
5.049368474965753251e+01,2.321029802938330420e+02,4.704830538195341028e+00,1.468437543715780114e-01,1.945537986746627575e+04
5.167855299167992911e+01,2.340508242462634598e+02,4.731000524152102926e+00,1.505211132632579829e-01,1.945543135652821366e+04
5.139139309415087098e+01,2.289045726862779304e+02,4.751846592451867579e+00,1.506009850162458585e-01,1.945554895271745772e+04
5.061604599230678758e+01,2.333808896419874372e+02,4.683624883519285298e+00,1.457316360084913442e-01,1.945714195412131812e+04
5.228459390976569665e+01,2.316246146896555445e+02,4.669901562108350390e+00,1.501769901795044493e-01,1.945719482427688854e+04
5.185980933042838359e+01,2.286527570430953062e+02,4.708722687145298735e+00,1.503401757062041710e-01,1.945731936101384053e+04
5.079739490201149721e+01,2.301655801238164827e+02,4.574101914804066915e+00,1.409532016087449158e-01,1.945751751784250519e+04
5.057090564335877758e+01,2.281631813346158140e+02,4.700455604363511952e+00,1.447942266733344419e-01,1.945963656891663413e+04
5.279388089226580405e+01,2.338481443516694185e+02,4.768866111172403777e+00,1.525703728190386799e-01,1.946028024740687033e+04
5.153334692764629210e+01,2.273394846403393501e+02,4.757158404905015736e+00,1.499541262480842130e-01,1.946121184361680935e+04
5.158363878123242330e+01,2.281988395283433420e+02,4.733944776126208787e+00,1.506345064412593915e-01,1.946158434366729853e+04
5.283956798293353074e+01,2.313035974005312028e+02,4.653962119286203070e+00,1.501126280955346060e-01,1.946269115528194379e+04
5.150165245182843421e+01,2.317213230882562414e+02,4.563443296494896551e+00,1.439736615228468242e-01,1.946271074271450561e+04
5.108298762135656546e+01,2.312386989675291034e+02,4.537104074153146094e+00,1.411206390970188573e-01,1.946419138287588430e+04
5.319048277407834036e+01,2.321985428919383025e+02,4.815440641291227841e+00,1.557495627635633317e-01,1.946497772834223360e+04
5.150589627406164084e+01,2.335841818770036298e+02,4.680747959157816496e+00,1.493595888741358346e-01,1.946518529596903682e+04
4.981650491271316383e+01,2.313263276967705053e+02,4.668081636428070169e+00,1.435998033813738750e-01,1.946546991531573440e+04
5.072454432288326842e+01,2.340989854210722569e+02,4.668491173986702769e+00,1.464940917775307549e-01,1.946641872129628609e+04
5.325693756505687304e+01,2.294503386267899714e+02,4.704345481886290870e+00,1.513684638059379917e-01,1.946727706776990817e+04
5.161511322770565613e+01,2.338792762155574110e+02,4.845641732671712276e+00,1.544582474066369948e-01,1.948091705947427545e+04
8.175729057338796224e+01,2.446829708982185707e+02,5.422183002032027410e+00,7.811470935411566341e-01,2.634829279732129726e+04
8.123014187484625381e+01,2.416291233220810568e+02,5.471108005772167715e+00,7.808996616630244914e-01,2.635890751686599106e+04
8.141237315596478652e+01,2.412421128195409494e+02,5.474373773750313532e+00,7.735190616335491098e-01,2.636629641209607507e+04
