8.200051001480092339e+01,2.083505034195505345e+02,3.081107709739263623e+00,5.889425550172151524e-01,1.000371602906224497e-02,7.103953655424991354e+00
8.207123531164386065e+01,2.087567688729241979e+02,3.073517003742318288e+00,5.900284947143668024e-01,1.018772568857664526e-02,7.105049671641591402e+00
8.233882593306806541e+01,2.084695836804666271e+02,3.055778128495382884e+00,6.068992457903669147e-01,1.029263443069606057e-02,7.105240029152332326e+00
8.191264037641634843e+01,2.084834315961950324e+02,3.092909940132011037e+00,5.642956492684363390e-01,1.005074809035676198e-02,7.105542737204920023e+00
8.184668813133792753e+01,2.086330471016737249e+02,3.113657907318761797e+00,5.665122457020957958e-01,1.003610060860349838e-02,7.105661793809805893e+00
8.221334641820466516e+01,2.084095614924036681e+02,3.076665112892869480e+00,6.024402667216218754e-01,1.020328337217014762e-02,7.105812031981736610e+00
8.224980109865656175e+01,2.083108347448678614e+02,3.053238736070318371e+00,6.037718789102320960e-01,1.067570264135036043e-02,7.106028263983287019e+00
8.192399396910131770e+01,2.086146059412488114e+02,3.111986735290556805e+00,5.777855346300160289e-01,1.007294495324777620e-02,7.106153440148859524e+00
8.173799596224844777e+01,2.081783331394205163e+02,3.122438823121842066e+00,5.630295304883651264e-01,1.042944416264423094e-02,7.106178190022387930e+00
8.223933892320007999e+01,2.088266886191635194e+02,3.050191387584097136e+00,6.087309586014912899e-01,1.036607914083100164e-02,7.106645476029542330e+00
8.232248840080454499e+01,2.085421860143457025e+02,3.045080925130298599e+00,6.163627935195692409e-01,1.005923923616772533e-02,7.106697796408086631e+00
8.220343663050557836e+01,2.089192331770821340e+02,3.062007285365592857e+00,5.862974423516966738e-01,1.014402293530076299e-02,7.106959277474033776e+00
8.185039744268888739e+01,2.084635002614243433e+02,3.101922074204282342e+00,5.731572014299496365e-01,1.064801456756821890e-02,7.107193918797586996e+00
8.247659344439104245e+01,2.087144564980679036e+02,3.017780804986031296e+00,6.195804795150308131e-01,1.067027564673252160e-02,7.107365150849886959e+00
8.238003273102056312e+01,2.086654620606186370e+02,3.033911367501692880e+00,6.132009530304990408e-01,1.105011263153752796e-02,7.107574759263787456e+00
8.215176570219841778e+01,2.084303100368091464e+02,3.098238603765846477e+00,5.982291961035289818e-01,1.198077885459764187e-02,7.107622022236089521e+00
8.214154667821131284e+01,2.080819606443190821e+02,3.099025541747804091e+00,5.877294404353791135e-01,1.081882349142910225e-02,7.107863004971836318e+00
8.206220393550159997e+01,2.087084079282893754e+02,3.093807821280576853e+00,5.987733659688682097e-01,1.090829842774503587e-02,7.108241327361137785e+00
8.201961370337342316e+01,2.083912020381499417e+02,3.119212732579180969e+00,5.857668615643565335e-01,1.200046117496476883e-02,7.108389893961486017e+00
8.164560506939334061e+01,2.084448408627545462e+02,3.136195337023253593e+00,5.435926464242676337e-01,1.009739991863742997e-02,7.108439796136362787e+00
8.203444817782781229e+01,2.086267923826865456e+02,3.112879961890301583e+00,5.766866722030807857e-01,1.048158727962730623e-02,7.108493397157586102e+00
8.226753482584355481e+01,2.087165903586819695e+02,3.044311533738130127e+00,6.079858077842487107e-01,1.106798663410140000e-02,7.108693926565621268e+00
8.189616379361315524e+01,2.084252891772021314e+02,3.132524228328894544e+00,5.701302601154671912e-01,1.166661777657425000e-02,7.109046248208821694e+00
8.233167700224760210e+01,2.089644849112644636e+02,3.066140315380870618e+00,6.057391997814689510e-01,1.175564565887642944e-02,7.109077709981884929e+00
8.173436397071385784e+01,2.087494656603530530e+02,3.122549859835344943e+00,5.494624910340060175e-01,1.015215866776274928e-02,7.109231483125125095e+00
8.251390024337906937e+01,2.085798150952593346e+02,2.993827400528087601e+00,6.193760912803519814e-01,1.004012512563021153e-02,7.109380640915642147e+00
8.195314507380992097e+01,2.085954085702481393e+02,3.092893773589009854e+00,5.949854360919463181e-01,1.081821031856700088e-02,7.109462218857546922e+00
8.232197241966908052e+01,2.088940027323946538e+02,3.068644468847734785e+00,6.106507029105056050e-01,1.050670645527963971e-02,7.111081954560036777e+00
8.208975355194255030e+01,2.091584451382066163e+02,3.083510421797763801e+00,5.734263434150900229e-01,1.016765524582748104e-02,7.111681244754125331e+00
8.251144644409870921e+01,2.086302706231828097e+02,3.049155859951822034e+00,6.127170724065014173e-01,1.028885003751377376e-02,7.112027961891298489e+00
8.267995228892488058e+01,2.080743033641421675e+02,3.024771351510497919e+00,6.311266546970767388e-01,1.183147845443592930e-02,7.116521560051221940e+00
8.237917058169280438e+01,2.081714699325676747e+02,3.076873549553309939e+00,6.136548999732489573e-01,1.037466544961223626e-02,7.116917017145892643e+00
8.077783950822185943e+01,2.076872878567379246e+02,3.156035217950438287e+00,4.729487346636843115e-01,1.062069297456863515e-02,7.117515581281731230e+00
8.106063464563615639e+01,2.074744717060047208e+02,3.187082944476713919e+00,5.179293149415985509e-01,1.029289935523994455e-02,7.119290612501457005e+00
8.127909314330977963e+01,2.075685416945285908e+02,3.117412254523115323e+00,4.841445199606677074e-01,1.091369306931790420e-02,7.129336816408972766e+00
