time,invT,err
sec,invK,invK
0,0.0299233754939336,0.00119572762772322
7.5,0.132867840065403,0.00530935639826044
15,0.204909296846283,0.0081881187982971
22.5,0.281169866302486,0.0112354884986542
30,0.362608172208666,0.0144897796596218
37.5,0.378767226941709,0.0151355016065809
45,0.458926987670736,0.0183387324074982
52.5,0.46888382670783,0.0187366155790081
60,0.592036506943629,0.0236579382910743
67.5,0.544083958533118,0.021741689072601
75,0.565799544920076,0.0226094717977382
82.5,0.643754626735468,0.0257246811167192
90,0.707804983332876,0.0282842663232773
97.5,0.62102787516632,0.0248164798336029
105,0.69120496956911,0.027620892466469
112.5,0.692748968069506,0.0276825940304471
120,0.706134213771828,0.0282174985237885
127.5,0.775555085282049,0.0309917346560527
135,0.734263257571698,0.0293416027260826
142.5,0.708249327266312,0.0283020233337245
150,0.712017131447808,0.0284525935558971
157.5,0.748312689803696,0.0299030541036857
165,0.739336346880124,0.0295443362186229
172.5,0.745629660515708,0.029795833245579
180,0.833426800323047,0.033304467054505
187.5,0.822219878393297,0.0328566016047699
195,0.750242728256374,0.0299801835166585
202.5,0.726089266603386,0.0290149497741381
210,0.807765780743009,0.0322789699536204
217.5,0.81615624312372,0.0326142792598043
225,0.812336260011939,0.0324616206266469
232.5,0.78721083657851,0.0314575321773705
240,0.842891142343151,0.0336826941465694
247.5,0.837907055447885,0.0334835130910266
255,0.797645998679788,0.031874552388631
262.5,0.841965178055814,0.0336456894490873
270,0.80213145980286,0.0320538050804343
277.5,0.78157453047546,0.0312322889488158
285,0.831212933628471,0.0332159935743413
292.5,0.850743804424672,0.0339965136698894
300,0.845377281443812,0.0337820487996142
307.5,0.798528215123304,0.0319098084319632
315,0.822598238338215,0.0328717220942785
322.5,0.807762079448916,0.0322788220383834
330,0.798418229380444,0.0319054130679204
337.5,0.848155250617415,0.0338930660498461
345,0.802990340128546,0.0320881285744213
352.5,0.777828655087527,0.0310825929905241
360,0.827876107178487,0.0330826429672176
367.5,0.804661767485505,0.0321549239597799
375,0.872096773924024,0.0348498549804019
382.5,0.835272213769852,0.033378215949942
390,0.829674574642693,0.0331545156555839
397.5,0.795934312529992,0.0318061482402774
405,0.832221308927466,0.0332562916014706
412.5,0.82915916192986,0.0331339180616535
420,0.798261296166917,0.0318991415406625
427.5,0.826351402924849,0.0330217107814617
435,0.798004284722872,0.0318888705841841
442.5,0.783871948400051,0.0313241004368999
450,0.813221779939372,0.0324970087985042
457.5,0.794377572223765,0.0317439362173237
465,0.782745842292402,0.0312790979630472
472.5,0.805301701559196,0.0321804977027477
480,0.7959411451834,0.031806421293695
487.5,0.813070039154433,0.0324909447572168
495,0.764537779841052,0.0305514523060971
502.5,0.804730681156993,0.0321576779628662
510,0.807244534539861,0.0322581393334395
517.5,0.81990369005103,0.0327640392400241
525,0.729764498318028,0.0291618210845392
532.5,0.796957783256758,0.0318470492187282
540,0.766693816123979,0.0306376134701695
547.5,0.799801189109862,0.0319606803428488
555,0.77028781519572,0.0307812396826181
562.5,0.736594645854512,0.0294347708793401
570,0.802351773586581,0.0320626094948442
577.5,0.854350459637078,0.0341406482667476
585,0.770589808720909,0.030793308189764
592.5,0.751340877716387,0.0300240684706867
600,0.750561063895597,0.0299929050489406
607.5,0.761217638953287,0.0304187703809526
615,0.779768799066828,0.0311601267116942
622.5,0.859410069610419,0.0343428482328486
630,0.834561728015424,0.0333498225585872
637.5,0.819798095881382,0.0327598193571733
645,0.765215339860118,0.0305785294715669
652.5,0.725676607922093,0.0289984589234831
660,0.774362130011927,0.030944060777758
667.5,0.78069523430444,0.0311971497334329
675,0.801713277472497,0.0320370932332558
682.5,0.79572710560092,0.031797867627246
690,0.780182797678182,0.0311766712883158
697.5,0.802441810016018,0.0320662076267885
705,0.756776041157906,0.0302412721049268
712.5,0.810345486959409,0.0323820630753538
720,0.732052096609642,0.0292532391988254
727.5,0.739310512359721,0.0295433038052704
735,0.709249068574353,0.028341975312201
742.5,0.744233366382223,0.0297400337076146
750,0.647902531770672,0.0258904391328212
757.5,0.699002831886939,0.0279325123146717
765,0.737666334187735,0.0294775982611411
772.5,0.732899486664528,0.0292871030221968
780,0.702495108255302,0.0280720715587773
787.5,0.709993292329569,0.0283717162222719
795,0.709602807068227,0.0283561115236211
802.5,0.68512109778895,0.0273777677863908
810,0.725408487912,0.02898774419251
817.5,0.728595495616023,0.0291151048463064
825,0.754108583236474,0.0301346733390136
832.5,0.692942363704783,0.0276903225451234
840,0.700414306337527,0.0279889180078238
847.5,0.758222408568437,0.0302990728460488
855,0.699187129077888,0.0279398772440271
862.5,0.687444071756133,0.0274705988204494
870,0.716616126809649,0.0286363802572346
877.5,0.70066020707297,0.0279987447557058
885,0.723645598476644,0.0289172948353988
892.5,0.693657745933568,0.0277189107938144
900,0.73646083435985,0.029429423433523
907.5,0.700035818371623,0.0279737927761142
915,0.630471042348931,0.025193845114422
922.5,0.692006509116004,0.0276529237412692
930,0.677708553860796,0.0270815468561602
937.5,0.663521117759057,0.026514588007409
945,0.680047724879476,0.0271750250336567
952.5,0.71737821753879,0.0286668352156735
960,0.678885485847729,0.0271285795206221
967.5,0.671319249678706,0.0268262170674895
975,0.64885690383538,0.0259285776360186
982.5,0.638343847611736,0.0255084564749773
990,0.663904052038843,0.0265298908225665
997.5,0.719926754840535,0.0287686808610181
1005,0.647970835264103,0.0258931686687119
1012.5,0.670290433188157,0.0267851034633586
1020,0.684815110927567,0.0273655398964762
1027.5,0.765564244789251,0.0305924726754448
1035,0.681906524356957,0.0272493065855399
1042.5,0.623354286883424,0.0249094472115056
1050,0.652933004920076,0.0260914663746322
1057.5,0.659310702888139,0.0263463315261736
1065,0.712777389508547,0.0284829752500017
1072.5,0.659952726486408,0.0263719880471986
1080,0.671467046544394,0.0268321233321354
1087.5,0.618666146513823,0.0247221011672729
1095,0.67589900371162,0.027009233465875
1102.5,0.634023797093549,0.0253358194881835
1110,0.625812198325319,0.025007669581499
1117.5,0.668965160714952,0.0267321428849597
1125,0.672703728877711,0.0268815436903565
1132.5,0.619881772627958,0.0247706796356146
1140,0.650934736238012,0.0260116117496442
1147.5,0.664373590729135,0.026548654523563
1155,0.608522015771135,0.0243167249825983
1162.5,0.595555692523973,0.0237985703005545
1170,0.624129011204958,0.024940406523964
1177.5,0.656149613920512,0.0262200082589455
1185,0.560951038213843,0.0224157190001085
1192.5,0.604067739187228,0.0241387249592653
1200,0.618629132011966,0.0247206220055467
1207.5,0.633400786156509,0.0253109228612626
1215,0.703576130475749,0.0281152716644872
1222.5,0.63783538329531,0.0254881373200462
1230,0.651923387823282,0.0260511201477835
1237.5,0.602148535662806,0.0240620305531876
1245,0.584102118016025,0.0233408683240443
1252.5,0.58273354160723,0.0232861780175488
1260,0.577030907798566,0.0230582925896901
1267.5,0.605053249144966,0.0241781075039225
1275,0.607478568372217,0.0242750271425724
1282.5,0.648283859369297,0.0259056777003141
1290,0.585988792494457,0.0234162626030178
1297.5,0.587782424716109,0.0234879387975036
1305,0.603255424032473,0.0241062635589624
1312.5,0.57515360050613,0.0229832727408428
1320,0.633566478524539,0.0253175442232105
1327.5,0.575047037892563,0.0229790143490593
1335,0.559243295049288,0.0223474753379243
1342.5,0.60060374343287,0.0240002982312973
1350,0.573235882092578,0.0229066380287909
1357.5,0.610265765345589,0.0243864080421089
1365,0.616005697904243,0.0246157851907558
1372.5,0.570208701957811,0.0227856677189736
1380,0.582391676332347,0.0232725165850811
1387.5,0.601604832332998,0.0240403033131073
1395,0.563874574766333,0.0225325474049521
1402.5,0.597432615293702,0.0238735750217715
1410,0.55454106386259,0.0221595680865949
1417.5,0.596680143918078,0.0238435051053671
1425,0.644935433203361,0.0257718683319617
1432.5,0.511241264333822,0.020429257968517
1440,0.546816471560227,0.0218508836508944
1447.5,0.574162134367385,0.0229436523633751
1455,0.524119849559818,0.0209439000413314
1462.5,0.557012006056384,0.0222583101221781
1470,0.587127148995597,0.0234617530089185
1477.5,0.534133247040419,0.0213440467768792
1485,0.570087350587179,0.0227808183513309
1492.5,0.575468249850474,0.0229958465712034
1500,0.502002021430526,0.0200600484727625
1507.5,0.561884281886432,0.0224530126516257
1515,0.57468343823747,0.0229644843964213
1522.5,0.578696057790571,0.0231248343514674
1530,0.554177096600445,0.0221450234886182
1537.5,0.548305269669949,0.0219103778710391
1545,0.544271504719738,0.0217491836472949
1552.5,0.513126802701003,0.0205046060463493
1560,0.52187939071621,0.0208543688382382
1567.5,0.557133481881227,0.0222631644536746
1575,0.539991317108986,0.0215781421728647
1582.5,0.523354764817326,0.0209133264092005
1590,0.55186961775181,0.0220528136964499
1597.5,0.514266964103895,0.0205501680934215
1605,0.529605984374675,0.0211631321493324
1612.5,0.52686813599203,0.0210537246323716
1620,0.527353556037849,0.0210731225631849
1627.5,0.483403019911733,0.0193168149230834
1635,0.576280851404337,0.0230283192750362
1642.5,0.545982921928261,0.0218175739787435
1650,0.481189127480267,0.0192283458241346
1657.5,0.43370509342291,0.0173308476815572
1665,0.505392839426609,0.020195548937802
1672.5,0.572783589995466,0.0228885638067791
1680,0.525391298531973,0.0209947085550872
1687.5,0.588912656422952,0.023533104537252
1695,0.454167023447504,0.0181485206396703
1702.5,0.507201643235612,0.0202678305651455
1710,0.522371233124075,0.0208740234001976
1717.5,0.487161443542099,0.0194670049120002
1725,0.498374232180889,0.0199150784682258
1732.5,0.516682558193089,0.0206466977935903
1740,0.581427720013441,0.0232339954956645
1747.5,0.457446372715431,0.0182795659030917
1755,0.501104200800195,0.0200241706762512
1762.5,0.506394058533906,0.0202355586625219
1770,0.55560678152596,0.0222021555339186
1777.5,0.505572961698485,0.0202027468049456
1785,0.549529834599207,0.0219593130150374
1792.5,0.514844938286647,0.0205732645514714
1800,0.476790856355536,0.0190525870955081
1807.5,0.46309542255914,0.0185053063067019
1815,0.438947572181364,0.0175403405922877
1822.5,0.458363743520113,0.0183162247398146
1830,0.510218124913642,0.0203883722592868
1837.5,0.524776373700873,0.0209701354744097
1845,0.472074599403982,0.0188641214862737
1852.5,0.440760587369941,0.0176127899053811
1860,0.488068745747024,0.0195032615351438
1867.5,0.447449638436425,0.017880089043458
1875,0.491175992743587,0.0196274299898593
1882.5,0.471517860285083,0.0188418737284658
1890,0.464454884471133,0.0185596314801638
1897.5,0.443215860832711,0.0177109043180159
1905,0.438784801798509,0.0175338361784564
1912.5,0.439848088938366,0.0175763258490055
1920,0.443839520149779,0.0177358261768586
1927.5,0.527917320464493,0.0210956512251989
1935,0.464769787385793,0.0185722152510501
1942.5,0.504696904094674,0.0201677386636308
1950,0.446531404615075,0.0178433957680888
1957.5,0.394115498171354,0.0157488253096179
1965,0.485406116168184,0.0193968604421856
1972.5,0.44446887633076,0.0177609756881928
1980,0.494099287712165,0.0197442475979166
1987.5,0.441688443666998,0.0176498676764769
1995,0.492930733884385,0.0196975510858647
2002.5,0.4426681711316,0.0176890182592249
2010,0.51432316055336,0.0205524137627439
2017.5,0.433582237101821,0.0173259382634169
2025,0.395329983111848,0.0157973567062968
2032.5,0.503151420382573,0.0201059795930234
2040,0.479935136383572,0.0191782352423282
2047.5,0.482185133491495,0.019268147101844
2055,0.461349970217913,0.0184355566636575
2062.5,0.431809328490016,0.0172550916950581
2070,0.491770650435358,0.0196511930652003
2077.5,0.47392973674886,0.0189382543273093
2085,0.443836320015568,0.0177356982972714
2092.5,0.419340013611956,0.0167568102568464
2100,0.456332951098076,0.0182350727319247
2107.5,0.392435499499382,0.0156816917726785
2115,0.422706632901593,0.0168913423507379
2122.5,0.465201865345411,0.0185894814307091
2130,0.522417572044386,0.0208758751543364
2137.5,0.456148255516412,0.018227692157169
2145,0.438603755112631,0.0175266014314251
2152.5,0.475980869281777,0.0190202193202721
2160,0.466073127401973,0.0186242977597449
2167.5,0.35912597268593,0.014350629781128
2175,0.475010284244482,0.0189814339176223
2182.5,0.413115557181418,0.0165080774366588
2190,0.382061104598347,0.0152671263326278
2197.5,0.404620257502493,0.0161686007021526
2205,0.428630849521799,0.0171280776673241
2212.5,0.47013498687775,0.0187866129647361
2220,0.425227177170919,0.0169920648207251
2227.5,0.329786118311531,0.0131782010035015
2235,0.450824415099153,0.0180149475491924
2242.5,0.485509657081822,0.0194009980303212
2250,0.463844544764991,0.0185352418215458
2257.5,0.357325452679751,0.014278680406835
2265,0.383837345446212,0.0153381056765705
2272.5,0.383038680528209,0.0153061906832866
2280,0.396930921817424,0.0158613309889608
2287.5,0.461625085986328,0.0184465505043126
2295,0.432897768731439,0.0172985864654144
2302.5,0.427937083753215,0.0171003543550164
2310,0.408557975832287,0.0163259540009878
2317.5,0.417455312574303,0.0166814965130404
2325,0.374041858205913,0.0149466739756165
2332.5,0.463215835404279,0.0185101180988839
2340,0.455049551416014,0.0181837871159987
2347.5,0.401700135809449,0.0160519111440515
2355,0.400966902395083,0.016022610767086
2362.5,0.430667665967667,0.0172094701340481
2370,0.396169088666843,0.015830887767555
2377.5,0.416480063658535,0.0166425250083505
2385,0.374163100494403,0.0149515188650054
2392.5,0.386407177541684,0.0154407972889503
2400,0.430610866865946,0.017207200405949
2407.5,0.44282593496285,0.0176953226107575
2415,0.426666030382655,0.0170495622761736
2422.5,0.386508111113385,0.0154448306390894
2430,0.428482974348533,0.017122168483095
2437.5,0.363761392565245,0.0145358627479723
2445,0.342648057816678,0.0136921673124561
2452.5,0.385079856860615,0.0153877569717283
2460,0.417795398835422,0.0166950865556156
2467.5,0.372743603309806,0.0148947952045607
2475,0.391335816490157,0.0156377479288849
2482.5,0.435522461646961,0.0174034709006688
2490,0.348618535972257,0.0139307493111324
2497.5,0.407519215622981,0.0162844445893021
2505,0.328629084700286,0.0131319656807027
2512.5,0.414457786390272,0.0165617136650035
2520,0.362903928987669,0.0145015982033506
2527.5,0.408527461560634,0.0163247346343599
2535,0.353215278037264,0.0141144365162208
2542.5,0.399092398929529,0.0159477046737961
2550,0.369041665509181,0.0147468643654517
2557.5,0.39705348577413,0.015866228704217
2565,0.357321272363366,0.0142785133600255
2572.5,0.394735826139069,0.0157736139098963
2580,0.371794577241045,0.0148568717576222
2587.5,0.384704918042561,0.0153727742532351
2595,0.365203538722704,0.0145934914194999
2602.5,0.375502794992233,0.0150050535863445
2610,0.386183951885186,0.0154318770931966
2617.5,0.351220847098292,0.0140347384421914
2625,0.394011208058217,0.0157446578273118
2632.5,0.398569277859455,0.0159268004976189
2640,0.399100839813324,0.0159480419756886
2647.5,0.37074464136209,0.0148149159199766
2655,0.35872780594011,0.0143347189053582
2662.5,0.363291040218066,0.0145170673032321
2670,0.427611502068206,0.0170873439088103
2677.5,0.303960631056272,0.0121462098215264
2685,0.434034441911344,0.0173440086607514
2692.5,0.386552144878491,0.0154465902478196
2700,0.367900756785431,0.0147012732308176
2707.5,0.36578813122501,0.0146168519453591
2715,0.383777752386296,0.0153357243122014
2722.5,0.392815228708106,0.0156968659293933
2730,0.381058111036865,0.0152270462866103
2737.5,0.411128685323175,0.0164286809427427
2745,0.311973004189689,0.0124663854746919
2752.5,0.409942519152449,0.0163812810973877
2760,0.352459885467999,0.0140842507949596
2767.5,0.321559695945887,0.0128494714202452
2775,0.336273910364935,0.0134374547174495
2782.5,0.337824510327172,0.0134994170829877
2790,0.403196904832158,0.0161117227960578
2797.5,0.32616993065458,0.0130336973485826
2805,0.342186654920892,0.0136737295274426
2812.5,0.329257418504089,0.0131570740399499
2820,0.313133388509071,0.0125127546266824
2827.5,0.320645067459717,0.0128129226862513
2835,0.337323858329755,0.0134794109019699
2842.5,0.301137787425718,0.0120334086089089
2850,0.380973281310345,0.0152236564551241
2857.5,0.369584372970736,0.0147685511581577
2865,0.344270479018432,0.0137569997104187
2872.5,0.440213463515401,0.0175909264645109
2880,0.374503430688234,0.0149651185933112
2887.5,0.358870042332214,0.0143404027188882
2895,0.322470690304808,0.01288587493664
2902.5,0.350640233517861,0.0140115369476484
2910,0.366399912573891,0.0146412989486911
2917.5,0.296560713281651,0.0118505081621704
2925,0.325194615919203,0.0129947235648068
2932.5,0.372025681199524,0.014866106760415
2940,0.400011142621514,0.0159844181280359
2947.5,0.354065943334736,0.0141484293678013
2955,0.302969789072666,0.0121066156391603
2962.5,0.390873258864816,0.015619263912845
2970,0.36997411523579,0.014784125405237
2977.5,0.374901256001903,0.0149810158497872
2985,0.368570793167388,0.0147280481318761
2992.5,0.362947681875369,0.0145033465839854
3000,0.328213354141615,0.0131153529954103
3007.5,0.280671499078287,0.0112155737104834
3015,0.367738351689074,0.0146947834635059
3022.5,0.322973260869649,0.0129059577579279
3030,0.351775493587717,0.0140569022850866
3037.5,0.300273287599758,0.0119988630842471
3045,0.34872916408916,0.0139351700432659
3052.5,0.326275322104541,0.013037908813483
3060,0.299184875193909,0.0119553699873718
3067.5,0.314621462891525,0.0125722183350998
3075,0.34833045691363,0.0139192375873178
3082.5,0.374103305996531,0.0149491294534169
3090,0.352901702727057,0.014101905949348
3097.5,0.277258072664851,0.0110791729787022
3105,0.384438697766222,0.0153621359753754
3112.5,0.285512472368646,0.0114090193639096
3120,0.399743517144349,0.0159737236806783
3127.5,0.358203815356218,0.0143137800680346
3135,0.369493037350533,0.0147649013526064
3142.5,0.356450032196889,0.0142436983195718
3150,0.320365228700286,0.0128017402750173
3157.5,0.32095997419509,0.0128255064209409
3165,0.323282433902461,0.0129183123752009
3172.5,0.369751048460853,0.0147752115731793
3180,0.288929799986192,0.0115455760728768
3187.5,0.356389687426302,0.0142412869230164
3195,0.275106736126535,0.0109932054544795
3202.5,0.341629736922781,0.0136514749340327
3210,0.316023947679246,0.012628261875354
3217.5,0.326901720918312,0.0130629398449617
3225,0.391490779743513,0.0156439403321567
3232.5,0.38199468054901,0.0152644719994568
3240,0.320919315815119,0.0128238817041122
3247.5,0.314278443646825,0.0125585112263937
3255,0.340641312868329,0.0136119772450005
3262.5,0.376900679838485,0.0150609136246238
3270,0.380697110984784,0.0152126205731706
3277.5,0.272335822109684,0.0108824796006728
3285,0.314568135004328,0.0125700873434221
3292.5,0.355710990751779,0.0142141659852791
3300,0.347029005345828,0.0138672312041503
3307.5,0.362695823742276,0.0144932822453477
3315,0.267912776553002,0.0107057345391276
3322.5,0.374758149960017,0.0149752972758257
3330,0.381665324798321,0.015251310804298
3337.5,0.278422595353846,0.0111257073739058
3345,0.280970897237801,0.0112275376812095
3352.5,0.345548347197031,0.013808063681475
3360,0.327321816853886,0.0130797269697681
3367.5,0.378166952270897,0.0151115143848891
3375,0.329964592000968,0.0131853328526065
3382.5,0.333121184092916,0.0133114710069667
3390,0.337038583907697,0.0134680112639864
3397.5,0.300348570121996,0.0120018713834607
3405,0.306295042753759,0.0122394932475718
3412.5,0.326506891941796,0.0130471623938843
3420,0.354401612498952,0.01416184281343
3427.5,0.328295604412844,0.0131186397344357
3435,0.357155744117595,0.0142718987972592
3442.5,0.305683259138392,0.0122150462849003
3450,0.360834485623253,0.0144189025339847
3457.5,0.327381988834322,0.0130821314552224
3465,0.381376234385265,0.0152397586294309
3472.5,0.373501189709716,0.0149250686512154
3480,0.272042409058101,0.0108707548027025
3487.5,0.302869178998083,0.0121025952468762
3495,0.311994875305118,0.0124672594480908
3502.5,0.347335830725233,0.0138794920349861
3510,0.295633863316832,0.0118134711314453
3517.5,0.314094717759052,0.0125511695081102
3525,0.311319217600335,0.0124402600549121
3532.5,0.265440154470056,0.0106069284949483
3540,0.286020788015868,0.0114293316991532
3547.5,0.240986368627736,0.00962975546495936
3555,0.310817546179877,0.0124202131832909
3562.5,0.311542741234676,0.0124491920959924
3570,0.295442280418046,0.0118058154572088
3577.5,0.300061676033066,0.0119904070590841
3585,0.330406766233807,0.0132030022357098
3592.5,0.371074114189952,0.0148280817792068
3600,0.314792773938868,0.0125790639545081
3607.5,0.302291823011077,0.0120795240236247
3615,0.30976128407117,0.0123780047802081
3622.5,0.340992119583752,0.0136259955745761
3630,0.345531134612346,0.0138073758617204
3637.5,0.281700663927086,0.011256699208646
3645,0.307400815173141,0.0122836800781303
3652.5,0.334317865631536,0.0133592906888492
3660,0.303035369661492,0.0121092362484399
3667.5,0.33567380206431,0.0134134742407215
3675,0.28382442027466,0.0113415646684347
3682.5,0.324308388178137,0.0129593097190759
3690,0.287078186596536,0.011471585436281
3697.5,0.320147910429806,0.012793056194861
3705,0.276542266848642,0.0110505693381322
3712.5,0.377082582989314,0.0150681825479538
3720,0.257012758407548,0.010270169652721
3727.5,0.366713860492065,0.0146538444212877
3735,0.30795970900173,0.0123060135602731
3742.5,0.328720182829028,0.0131356059822043
3750,0.29674733139189,0.0118579654435516
3757.5,0.338789701472905,0.0135379863689371
3765,0.25527696822431,0.0102008074815992
3772.5,0.299322134470555,0.0119608548851532
3780,0.268838610192651,0.0107427308804526
3787.5,0.365155195265464,0.0145915595976859
3795,0.248849657570516,0.00994397223559295
3802.5,0.327606503315308,0.0130911031029328
3810,0.382615427731798,0.0152892773207362
3817.5,0.299686570334098,0.0119754177879178
3825,0.266776745563733,0.01066033870844
3832.5,0.321073320934384,0.0128300357788779
3840,0.30185723563996,0.0120621578542607
3847.5,0.333035833589346,0.0133080603805255
3855,0.294276128096779,0.0117592158814487
3862.5,0.303210051974196,0.0121162165775627
3870,0.281627080559669,0.0112537588121166
3877.5,0.269098874696608,0.0107531310586472
3885,0.30906391002431,0.0123501376035848
3892.5,0.317534800503108,0.012688635828893
3900,0.283285902369254,0.01132004545206
3907.5,0.281955968569231,0.0112669012002007
3915,0.260407179458097,0.0104058107327218
3922.5,0.325537963547973,0.0130084438085315
3930,0.279011014169082,0.0111492206259247
3937.5,0.266168110597339,0.0106360176393529
3945,0.288530079989328,0.0115296032251767
3952.5,0.278891803546966,0.0111444569620559
3960,0.278515582586824,0.0111294231493821
3967.5,0.301394688061587,0.0120436743919473
3975,0.303685703882603,0.0121352236934191
3982.5,0.324429917856519,0.0129641660702603
3990,0.304405684368836,0.0121639942143289
3997.5,0.363283494357779,0.0145167657680158
4005,0.295044094147027,0.0117899038892918
4012.5,0.278966939484882,0.0111474593987999
4020,0.253162906689665,0.0101163295993047
4027.5,0.306922138362261,0.0122645520809902
4035,0.281289784426656,0.0112402804351617
4042.5,0.33400879821531,0.0133469402801322
4050,0.318088280010997,0.0127107529725844
4057.5,0.389130123106533,0.0155496074119826
4065,0.289977084756717,0.011587425670594
4072.5,0.2679395862493,0.0107068058553996
4080,0.312598240168459,0.0124913700086957
4087.5,0.309742550853815,0.0123772561978746
4095,0.328513694883688,0.0131273546779889
4102.5,0.270641340369332,0.0108147680419743
4110,0.353894943422264,0.0141415961575505
4117.5,0.296029615097874,0.0118292854176017
4125,0.280829513340521,0.0112218879710679
4132.5,0.243961335677455,0.00974863503270525
4140,0.278681813356598,0.0111360657411
4147.5,0.297917981761746,0.0119047447709363
4155,0.304129722965767,0.0121529667578748
4162.5,0.268385544339002,0.0107246263544027
4170,0.348386863750039,0.0139214916210477
4177.5,0.294475658096948,0.011767189122026
4185,0.340417395326343,0.0136030294407492
4192.5,0.267444664025197,0.0106870287487398
4200,0.278733975168803,0.01113815013032
4207.5,0.301228054392487,0.0120370156886931
4215,0.299308655922556,0.0119603162806947
4222.5,0.317214578507995,0.0126758396991051
4230,0.261980024211629,0.0104686616267185
4237.5,0.252474211981309,0.0100888093667761
4245,0.297724401644781,0.0118970092862437
4252.5,0.294750056271,0.0117781541032039
4260,0.258727046801258,0.0103386726204618
4267.5,0.310078898782653,0.0123906967145761
4275,0.306238698982055,0.01223724174217
4282.5,0.326208930830071,0.0130352558039391
4290,0.319271918547244,0.0127580513912884
4297.5,0.36150389882079,0.0144456525140416
4305,0.342875183682214,0.0137012433240053
4312.5,0.279802066478052,0.0111808311264234
4320,0.247148440811018,0.00987599165549008
4327.5,0.318050030738024,0.0127092245245157
4335,0.260474957873026,0.0104085191588014
4342.5,0.29822132933895,0.0119168665767444
4350,0.239946493171608,0.00958820208748263
4357.5,0.277554809503041,0.0110910305998443
4365,0.26226991530541,0.0104802456788282
4372.5,0.182432201604489,0.00728993748109569
4380,0.350671968709953,0.0140128050955046
4387.5,0.317587390591998,0.0126907373385452
4395,0.361456526540915,0.0144437595014981
4402.5,0.2913834344346,0.0116436235410228
4410,0.262908389764684,0.0105057591278614
4417.5,0.247396979940995,0.00988592327257038
4425,0.250179895808697,0.00999712852838305
4432.5,0.234129812537299,0.00935576783572326
4440,0.30116037013531,0.0120343110169319
4447.5,0.251441128160027,0.0100475273516876
4455,0.283182816050491,0.0113159261150373
4462.5,0.258810098717163,0.010341991375397
4470,0.249453914015088,0.00996811831017792
4477.5,0.241024794763224,0.00963129097169583
4485,0.256713026998964,0.0102581923858425
4492.5,0.291623380421946,0.0116532118067132
4500,0.310831708482443,0.0124207791111954
4507.5,0.309087640786088,0.0123510858885325
4515,0.269126369784482,0.0107542297632802
4522.5,0.28568705230914,0.0114159955926615
4530,0.27301240665321,0.0109095159486421
4537.5,0.291318217426126,0.011641017462862
4545,0.260955591678175,0.0104277252904097
4552.5,0.30101325006307,0.0120284320796712
4560,0.25823824726181,0.0103191401890389
4567.5,0.290335583001678,0.0116017512948829
4575,0.301350734565274,0.012041918004466
4582.5,0.28244815662758,0.0112865690703697
4590,0.3021070833766,0.0120721418030956
4597.5,0.318751211727388,0.0127372438481704
4605,0.237949379015219,0.00950839750137556
4612.5,0.318488306319255,0.0127267380986287
4620,0.25976818666263,0.0103802765754029
4627.5,0.295066330475326,0.0117907924554441
4635,0.291427277381897,0.0116453755095753
4642.5,0.252780566378513,0.0101010512847648
4650,0.326602342347329,0.0130509766126312
4657.5,0.33169947218955,0.0132546590642107
4665,0.277042044152552,0.0110705404670735
4672.5,0.287065646470615,0.0114710843317637
4680,0.288835115238131,0.0115417924616243
4687.5,0.24175929192782,0.00966064144781769
4695,0.333847173528886,0.0133404817187
4702.5,0.320639929069845,0.0128127173551906
4710,0.339350085726698,0.0135603794691074
4717.5,0.271422919999952,0.0108459999945137
4725,0.258456026494349,0.0103278426479039
4732.5,0.232291811574049,0.00928232143163723
4740,0.28986716744812,0.0115830333644683
4747.5,0.278487856577438,0.0111283152163607
4755,0.296146687667769,0.0118339636508969
4762.5,0.303699487049343,0.0121357744706737
4770,0.288422360519899,0.011525298745392
4777.5,0.271604021384534,0.0108532368131598
4785,0.241124900389923,0.00963529118829018
4792.5,0.268857957556636,0.0107435040017513
4800,0.263323125276768,0.0105223319657962
4807.5,0.245325122857297,0.00980313192308467
4815,0.261035936421531,0.0104309358672115
4822.5,0.336616957488892,0.0134511629662951
4830,0.295083666704619,0.0117914852130961
4837.5,0.231568230745445,0.00925340718905506
4845,0.299654387229945,0.0119741317470268
4852.5,0.245239268784081,0.00979970119702981
4860,0.337732786579803,0.0134957517786713
4867.5,0.279228311107806,0.0111579038252096
4875,0.31097305964436,0.0124264275265565
4882.5,0.262210679307379,0.0104778786075101
4890,0.288254488734021,0.011518590573648
4897.5,0.286950164963648,0.011466469680772
4905,0.28872926933577,0.0115375628496505
4912.5,0.240004475479737,0.00959051905789184
4920,0.242735128744582,0.009699635848537
4927.5,0.284073288626331,0.0113515094669524
4935,0.247648200040622,0.00989596202129212
4942.5,0.29454454199193,0.0117699417300143
4950,0.309434246659125,0.0123649363135743
4957.5,0.330162233728156,0.0131932306609771
4965,0.266107431755226,0.0106335929113013
4972.5,0.281085527120319,0.0112321182991471
4980,0.320186206378588,0.0127945865083758
4987.5,0.249473772350371,0.00996891184884694
4995,0.309202499965961,0.0123556756793289
5002.5,0.248976011151918,0.00994902132192006
5010,0.317359488469813,0.0126816303277739
5017.5,0.327194781112446,0.0130746505938906
5025,0.322695555255321,0.0128948605853771
5032.5,0.267219487142848,0.0106780306741159
5040,0.266301452395925,0.0106413459810028
5047.5,0.214054258347416,0.00855355038087431
5055,0.281104694334617,0.011232884222344
5062.5,0.229398713295229,0.00916671342135281
5070,0.298577799264165,0.011931111158365
5077.5,0.241029174061962,0.00963146596828702
5085,0.276575001046817,0.0110518773984947
5092.5,0.270858203300998,0.0108234338930102
5100,0.256862900073012,0.0102641813137466
5107.5,0.288230800555587,0.0115176439919027
5115,0.271314398049066,0.0108416634530162
5122.5,0.218302582272701,0.00872331296785221
5130,0.247627579340627,0.00989513801864425
5137.5,0.262598641971579,0.0104933816012299
5145,0.329671915851331,0.0131736374473512
5152.5,0.28328854239572,0.0113201509477158
5160,0.251079714807828,0.0100330852798484
5167.5,0.28737216877952,0.011483332989897
5175,0.277072408550428,0.01107175383013
5182.5,0.239882093405737,0.00958562867576249
5190,0.26907417521972,0.0107521440667247
5197.5,0.242743129890477,0.0096999555740216
5205,0.332398457844484,0.0132825906948411
5212.5,0.281363645389798,0.0112432319243614
5220,0.278918445376818,0.0111455215712289
5227.5,0.315187163161032,0.0125948238171642
5235,0.310745352419777,0.0124173283089544
5242.5,0.282921482909836,0.0113054832232965
5250,0.316399791206331,0.0126432806503135
5257.5,0.225139905260261,0.00899653177920709
5265,0.247763185295729,0.00990055682918506
5272.5,0.265029650857543,0.0105905247613499
5280,0.280729975991398,0.0112179104518697
5287.5,0.263615828360378,0.0105340283861566
5295,0.279005470441153,0.0111489990982111
5302.5,0.249041410756178,0.00995163468868097
5310,0.263597860787202,0.0105333104016101
5317.5,0.236377750423516,0.00944559530516049
5325,0.259609840773223,0.0103739490725448
5332.5,0.263676898620159,0.01053646875484
5340,0.282695275059476,0.0112964439409345
5347.5,0.28368864315641,0.0113361390044013
5355,0.217761458051176,0.00870168969732365
5362.5,0.202911281356239,0.00810827835956597
5370,0.267491153545205,0.0106888864712997
5377.5,0.2177949914558,0.00870302968884578
5385,0.233970891000086,0.0093494173406574
5392.5,0.289100045667399,0.0115523791060459
5400,0.274738231353747,0.0109784799852226
5407.5,0.25559699933609,0.0102135959233619
5415,0.229345343664854,0.00916458077474829
5422.5,0.309703978948837,0.0123757148584442
5430,0.261724364202669,0.0104584454494248
5437.5,0.200232712466719,0.00800124310911895
5445,0.261829585297634,0.0104626500857305
5452.5,0.253139937479628,0.0101154117499185
5460,0.276890931301831,0.0110645019890523
5467.5,0.26784321382545,0.010702954810448
5475,0.249253034560246,0.00996009117135702
5482.5,0.226048698954632,0.00903284710180219
5490,0.233341826207527,0.00932427995000857
5497.5,0.237946971547354,0.00950830129908097
5505,0.298262356204597,0.0119185060152712
5512.5,0.260658156367091,0.0104158397723611
5520,0.354020144919279,0.0141465992487135
5527.5,0.227762159276263,0.00910131684320389
5535,0.2649687067029,0.0105880894315987
5542.5,0.304586567961304,0.0121712223482414
5550,0.234582897983696,0.00937387310324721
5557.5,0.336708846646859,0.013454834880094
5565,0.248669512638679,0.00993677364816138
5572.5,0.23896003238935,0.00954878316057078
5580,0.231164354273453,0.00923726831221167
5587.5,0.310974564721674,0.0124264876696905
5595,0.277558564007088,0.0110911806300439
5602.5,0.30709423305888,0.0122714290107865
5610,0.25684835618191,0.0102636001398686
5617.5,0.214852029261254,0.00858542922136145
