time,invT,err
sec,invK,invK
0,24.8410017143451,1.53906177226909
20,23.7644703608518,1.46887473432435
40,23.5468968345584,1.45474832175017
60,24.0551106581961,1.48777562124908
80,23.5217784389934,1.45311870414347
100,23.1844410614241,1.43125787480239
120,22.6174729786796,1.39461829625484
140,22.0577619647824,1.35857041830456
160,22.39747710293,1.38043523243255
180,22.1129943795131,1.36212230673149
200,21.4216974665054,1.3177486746891
220,21.5201685848802,1.32405860648645
240,21.2718730205609,1.3081548713381
260,20.1999510956075,1.23974963576409
280,20.6228465605107,1.26668861692524
300,20.3672882393191,1.25040182194146
320,19.9411456881256,1.22329370760916
340,19.5808593844958,1.20042278508592
360,19.0706587550333,1.16810859106913
380,20.4016445828557,1.25259003966932
400,18.8159923156739,1.15201042710223
420,18.9697738579864,1.16172890429466
440,18.218583295983,1.11432661956455
460,18.2743094152143,1.1178370795298
480,18.2074921853892,1.11362804978055
500,17.2293699705002,1.05216627362602
520,17.2687860992443,1.05463761026999
540,17.1186444729653,1.04522632561495
560,17.6543108424858,1.0788332669476
580,16.3234504894516,0.995487308086277
600,16.978419944268,1.03644248754499
620,16.5916141530045,1.01224119863156
640,16.4665626740865,1.00442598701201
660,16.5932915588149,1.01234605898195
680,15.2683972288647,0.929757563732187
700,15.458542209607,0.941582206268518
720,14.9794084972473,0.911803524099065
740,15.4246180991615,0.939471875572216
760,15.1384520459846,0.921681857791475
780,14.1944512311609,0.863139501568953
800,15.0232740199923,0.914527421694873
820,14.183544658353,0.862464374606923
840,14.3678808029043,0.873878705307505
860,13.8470914624074,0.841651151866955
880,13.9255327291935,0.846501252472706
900,14.4998073430737,0.88205270052176
920,13.2325736535332,0.803702753105537
940,13.8611572279198,0.842520748599784
960,13.4819549540092,0.819092715518476
980,13.6135866093207,0.827221580776692
1000,12.4658583415267,0.756470216907843
1020,12.9921438414194,0.788878000757397
1040,12.5709570165916,0.762937422757363
1060,13.0954424660635,0.795245806733907
1080,13.6319868141817,0.828358186706372
1100,12.2537989137366,0.743428063550595
1120,12.5588212470794,0.762190537203857
1140,12.4598291014348,0.756099278517129
1160,12.1764048310604,0.738670398862146
1180,11.8434765877578,0.718217722159942
1200,11.6925724943333,0.708954377209304
1220,11.092771101795,0.672177584800765
1240,11.100281714065,0.672637688019493
1260,11.332229600581,0.686851969382373
1280,10.3996206846061,0.629757857766
1300,11.4077437088759,0.691481776382756
1320,10.5443294155168,0.638606911125995
1340,9.78941554361698,0.592481679074889
1360,11.2993742446607,0.684837920779755
1380,10.0990646574831,0.611389875281029
1400,10.5631812743524,0.639759980549984
1420,9.59886204272334,0.580853458031716
1440,9.40810212155005,0.569218304116787
1460,9.75516287747154,0.590391043187457
1480,9.90334207134077,0.599436610829698
1500,9.85293458704493,0.596359103064331
1520,9.7758415317185,0.591653157322231
1540,8.97777554042955,0.542991301769344
1560,8.60668950083791,0.520396488772923
1580,8.5665711159912,0.5179549107681
1600,8.92003997655183,0.539474585138151
1620,8.57604242376969,0.51853130805225
1640,8.56068043053127,0.517596426409905
1660,8.30665373815913,0.502141871163727
1680,8.64409373391777,0.522673087228459
1700,8.75515248667405,0.529433804603848
1720,8.73902008472605,0.528451634354259
1740,8.22310933796878,0.497061078223998
1760,7.20039451861572,0.434936481023859
1780,9.0760175412442,0.548976411792331
1800,7.84755531047564,0.474232902431486
1820,7.79259997948478,0.470893944880403
1840,7.7312544735937,0.467167184112889
1860,7.50362360588584,0.453342606706028
1880,7.98102802976864,0.482343992671159
1900,7.39421818124883,0.44670039372794
1920,7.27216845032424,0.439292205248959
1940,6.84782697132457,0.413548889138165
1960,7.10427339077842,0.429104141658746
1980,7.42293601020945,0.448443769021727
2000,7.37063960496348,0.445269081004627
2020,7.12084526290734,0.430109596811451
2040,6.47670015076107,0.391050259137241
2060,6.95385758783136,0.419979484742693
2080,6.4405755505686,0.388861077036474
2100,6.5452352456652,0.395203920171725
2120,6.95354963731244,0.419960806196274
2140,6.19817644115298,0.37417494536283
2160,6.40408540907909,0.386649880271875
2180,5.94785399709049,0.359014918341873
2200,5.98241804727852,0.361107823507614
2220,6.15181428706831,0.371366696465732
2240,6.35672155492697,0.383779972787636
2260,5.44203015105961,0.328399259889177
2280,5.87218297176359,0.354433322435552
2300,5.8576916062479,0.353555986725952
2320,5.86729477994969,0.354137379493731
2340,5.39755704120601,0.32570856751558
2360,6.16540151407322,0.372189679999195
2380,6.05834002548541,0.365705418170594
2400,6.19305715631743,0.373864849479866
2420,5.22672870081719,0.31537477072146
2440,5.86375372895929,0.353922997121259
2460,5.22898022485295,0.315510954431935
2480,5.34938924981854,0.322794534781651
2500,5.02307328079044,0.303058386523051
2520,5.18190998643741,0.312663993622182
2540,5.05297769022877,0.304866690041845
2560,4.8997038853374,0.295599064243034
2580,4.96459246321841,0.299522291265103
2600,4.73617529119535,0.285713425785958
2620,4.49346455910212,0.271044795307173
2640,4.71379561902958,0.28436068864663
2660,4.74175578262395,0.286050743985091
2680,4.59173756028229,0.276983563827713
2700,5.03588944777784,0.303833364366202
2720,4.6867784191504,0.282727687107763
2740,4.97323275176269,0.30004471682877
2760,5.0625417277197,0.305445037542048
2780,4.56431649626302,0.275326401365049
2800,3.978961021104,0.239963684433869
2820,4.3085622515276,0.259872779539262
2840,5.0153374023577,0.302590613895996
2860,4.3226092812311,0.260721433351737
2880,4.35251217999726,0.262528067999261
2900,3.92163892571946,0.236501949047985
2920,4.18635364038258,0.252490095630259
2940,4.54482351937149,0.274148397850516
2960,4.74100530261001,0.286005380357133
2980,4.33226902707762,0.261305036570388
3000,3.52071675357323,0.212295493779509
3020,3.54813603182898,0.213950684964603
3040,3.98280944018619,0.240196101574717
3060,3.93083661675341,0.237057392271319
3080,4.13703559122851,0.249511053334633
3100,3.98371381880216,0.240250719748135
3120,3.86214268723822,0.232909133816227
3140,3.77305265772997,0.227529639655645
3160,3.88074967050119,0.234032734940047
3180,4.07442132634189,0.245729089529406
3200,4.39423009513569,0.265048631535279
3220,3.67649728821945,0.221699910644723
3240,3.52733585981134,0.212695058612317
3260,3.77990276014,0.227943249951555
3280,3.15480304276327,0.190210693935726
3300,2.96079468704547,0.178504076746592
3320,3.0576350939259,0.184347272548626
3340,3.93199113900168,0.237127113576614
3360,2.12622863477615,0.128164609326993
3380,2.97659159255509,0.179457206067854
3400,3.21581705149199,0.193892715458662
3420,3.12934692055698,0.188674545415976
3440,3.14285424680586,0.189489640327992
3460,2.96183370362312,0.178566766961677
3480,2.78656768175518,0.167992608327757
3500,3.27798572478395,0.197644615227135
3520,2.82676195470077,0.170417486848341
3540,3.55435107392782,0.21432586791526
3560,2.49258777239959,0.150259235269069
3580,2.6508235274297,0.159803832652244
3600,3.34077031783995,0.201433892221083
3620,3.00991713601169,0.181467990459365
3640,2.66683186979396,0.160769495524113
3660,2.68690003499785,0.161980072453234
3680,3.39772495068986,0.204871492688418
3700,2.04108989814265,0.123030690710959
3720,2.4333073369702,0.146683769128519
3740,2.95090479096948,0.177907361485171
3760,3.388200431101,0.204296610751938
3780,2.95842803835773,0.17836128257018
3800,1.89455367283716,0.114195015123079
3820,2.02002170390075,0.121760302512992
3840,2.52293032569552,0.152089383434808
3860,2.04899768970844,0.123507525305651
3880,2.64770651967735,0.159615808291102
3900,2.9418037815782,0.177358248460227
3920,2.35651810729068,0.142052473194912
3940,1.89044394905703,0.113947221280317
3960,1.5879322306592,0.0957087519339496
3980,1.7882955343215,0.107788392706909
4000,2.50107290896665,0.150771022921167
4020,2.44629476277266,0.147467086573429
4040,2.10019635904964,0.126594821198256
4060,2.33864362196548,0.14097446320445
4080,1.62211809553955,0.0977696970587164
4100,1.9802519171837,0.119362268559199
4120,2.42157055760372,0.145975888240422
4140,2.14643108131341,0.129382865271928
4160,1.81976100887906,0.109685506118667
4180,2.3565565884341,0.142054794005184
4200,1.76334482153018,0.106284086887091
4220,2.05965685712971,0.124150269293266
4240,2.43399999951996,0.146725545882881
4260,2.74342962573544,0.165390214727223
4280,1.54828028026662,0.0933183130104326
4300,2.00105072071065,0.120616386059962
4320,1.89190428624281,0.114035271558455
4340,2.54852045864675,0.153632912489062
4360,1.93782701638113,0.116804192152472
4380,1.18681594681547,0.0715289170649282
4400,1.60521756080293,0.0967508197183026
4420,2.30872456833481,0.139170072202635
4440,2.31509318736239,0.139554155053127
4460,1.458913935857,0.0879309568743558
4480,1.2691591834309,0.0764923958757432
4500,2.12924938069209,0.128346766657935
4520,1.97900129574646,0.119286859553157
4540,1.58630451628787,0.0956106235266371
4560,1.14798202872062,0.0691881346414617
4580,1.65396631072593,0.0996897408517176
4600,2.03208540794749,0.122487728405421
4620,2.5062101698667,0.151080882234821
4640,2.05961837637443,0.124147948910737
4660,1.6217563809239,0.0977478904034507
4680,1.21319008796978,0.0731186809041987
4700,2.04863212265835,0.123485481809409
4720,1.55323075946439,0.0936167531311979
4740,1.34703886798672,0.0811869477707032
4760,1.66395772431376,0.100292101994037
4780,2.30191341846148,0.138759302572734
4800,0.948044702662423,0.057136980590833
4820,1.74047591500728,0.104905310904671
4840,1.57871044075413,0.0951528078905101
4860,1.68121037922071,0.10133223425587
4880,1.90831817264762,0.115024942840588
4900,1.21133727912101,0.073006998023393
4920,2.02177257613667,0.121865877571858
4940,1.27007693087498,0.076547716540529
4960,1.54707969775868,0.0932459358686396
4980,1.10199088305081,0.0664159735890455
