time,invT,err
sec,invK,invK
0,16.9277558433054,0.420967015283631
10,15.0799073533848,0.374325154318947
20,13.7477262125639,0.34084979527817
30,12.5006970021891,0.309617230077414
40,11.4152886909333,0.282506456210982
50,10.4162655684879,0.257608774031076
60,9.51201691234774,0.235114885024157
70,8.69141296759246,0.214733159103306
80,7.9449450506342,0.196216561467056
90,7.26962863867154,0.179482811439079
100,6.67903721189403,0.16486128110696
110,6.11684347748556,0.150953039497601
120,5.62166018511041,0.138710235719081
130,5.16488678999506,0.127422967968454
140,4.75887043813819,0.117394388839614
150,4.3826995045983,0.108106493311752
160,4.0409398103515,0.0996710019597957
170,3.72714831971698,0.0919280586864963
180,3.44722400214481,0.0850225434041789
190,3.19251649447642,0.0787405106439479
200,2.95000886432046,0.0727606162909762
210,2.74187261634501,0.0676292589753561
220,2.54739229732656,0.0628354311572876
230,2.36721464163695,0.0583949421698238
240,2.205323710264,0.0544058302419238
250,2.04847531496944,0.050541669471453
260,1.925223934793,0.047505755629419
270,1.80338094093883,0.0445050647403697
280,1.68283027187944,0.0415367972816968
290,1.57719132882391,0.0389362618242931
300,1.48643296283805,0.0367025382888816
310,1.39400122093404,0.0344281793042805
320,1.32331721414786,0.0326893768832449
330,1.24084532447847,0.030661157439912
340,1.17781752463386,0.0291115986673657
350,1.11989826163914,0.0276880584958445
360,1.05844150655993,0.0261780889303314
370,1.00061469645723,0.0247578711651774
380,0.957020012561936,0.0236876135213758
390,0.91362359063902,0.0226226376317171
400,0.872710578874603,0.0216190383640468
410,0.828924642205459,0.0205455001586279
420,0.793793801555323,0.0196846243275126
430,0.759970765868074,0.0188562367292383
440,0.732056355667793,0.0181729297030209
450,0.699958632957845,0.0173876854056977
460,0.677491047276865,0.016838365237084
470,0.659296526762842,0.0163937402747759
480,0.627833389584968,0.015625385373914
490,0.607323798157382,0.0151249189335388
500,0.593051012158803,0.0147768439417663
510,0.576187535106146,0.014365823004727
520,0.551324692184344,0.0137603381599751
530,0.54350035451014,0.0135699284287324
540,0.523630720409679,0.0130867115216002
550,0.512802027754281,0.012823573273519
560,0.494381247978531,0.0123763173894567
570,0.488483761986058,0.0122332322043823
580,0.47218840465064,0.0118381615054839
590,0.462178213645315,0.0115956947513226
600,0.455696412299997,0.0114387898725547
610,0.448229684983903,0.0112581425312832
620,0.43981841558963,0.0110547772723317
630,0.432801011950087,0.0108852266446077
640,0.424071441844961,0.010674460435768
650,0.40882007420328,0.0103066684795821
660,0.400447112153955,0.010105005700078
670,0.399157504025844,0.010073962448121
680,0.393334285631086,0.00993384529615992
690,0.390485270430546,0.00986532857642134
700,0.38378850653152,0.00970437229831469
710,0.379852426265496,0.00960983381479575
720,0.372580208657872,0.00943529878418395
730,0.368224612073078,0.00933084884256538
740,0.361074752881682,0.00915953635623172
750,0.356304560517195,0.00904534630280023
760,0.354831189135044,0.00901009396232411
770,0.347602284866518,0.00883725763703471
780,0.346983127424959,0.00882246403669668
790,0.347226028007599,0.008828267498872
800,0.338811772836084,0.00862737734591711
810,0.34551200772276,0.00878732081026407
820,0.337230273736515,0.00858965358066225
830,0.338307683479451,0.00861535200311018
840,0.329659674399642,0.00840922949309581
850,0.321509374374016,0.0082152980526356
860,0.32157744496816,0.00821691636779756
870,0.320072743704836,0.00818114907926671
880,0.320390468354364,0.00818870053028663
890,0.314955033201961,0.00805958854658499
900,0.318041348369131,0.00813288083603874
910,0.313863327781846,0.00803367562738562
920,0.313498141778378,0.00802500896709986
930,0.304196448268945,0.00780451455178687
940,0.301229263612548,0.00773428540880568
950,0.304110228654794,0.00780247310046931
960,0.304383091106013,0.00780893391097855
970,0.304429299249489,0.00781002806711235
980,0.298020803577071,0.00765840678448704
990,0.295701252743363,0.00760359109171289
1000,0.291358500877553,0.00750105758589613
1010,0.297699945985135,0.00765082221423675
1020,0.302887534752308,0.00777352778356932
1030,0.294804452937827,0.00758240721583085
1040,0.293455713974471,0.00755055772817636
1050,0.285723175414316,0.0073681970364745
1060,0.295577853125934,0.00760067588041733
1070,0.287883515308772,0.00741910389329029
1080,0.290002312112829,0.00746906350750405
1090,0.283498617734504,0.00731581174239075
1100,0.284151147832416,0.00733117423026091
1110,0.279735801148865,0.00722728508213061
1120,0.286030386304172,0.00737543422515585
1130,0.27831117095758,0.00719379596154433
1140,0.294861847567711,0.00758376281346041
1150,0.279646355611703,0.00722518201092366
1160,0.289143713638627,0.00744881466870633
1170,0.281170295003832,0.0072610215745456
1180,0.280359715107873,0.00724195642020997
1190,0.285040451033628,0.00735211601950518
1200,0.278606243745027,0.00720073103719468
1210,0.280195723884387,0.00723809988211901
1220,0.278928215179133,0.00720829906921392
1230,0.275331502218457,0.00712380274529107
1240,0.274925933828084,0.00711428120929367
1250,0.277385407371675,0.00717204214436887
1260,0.274057750589269,0.00709390324613421
1270,0.27281041026359,0.00706463628453586
1280,0.281233329276944,0.00726250437094228
1290,0.274692479613195,0.00710880099163721
1300,0.275361487589748,0.00712450676398074
1310,0.274838205730466,0.00711222178658902
1320,0.277388470892743,0.00717211412082818
1330,0.269627690880615,0.00699001600730337
1340,0.264140183445754,0.00686155932936568
1350,0.272794117903474,0.00706425409183734
1360,0.265468869241694,0.00689263858896589
1370,0.275265752561521,0.00712225905114318
1380,0.26345288737277,0.00684548890975489
1390,0.269976700129537,0.00699819460102759
1400,0.27437958273448,0.0071014565775698
1410,0.276830794019961,0.00715901287755956
1420,0.269286410061316,0.00698201950395738
1430,0.268846237878043,0.00697170733351178
1440,0.272298848725961,0.00705263689667672
1450,0.272551473139294,0.00705856228846114
1460,0.27275870174746,0.0070634232929013
1470,0.272485166483289,0.00705700699304317
1480,0.263176590362859,0.00683902969053878
1490,0.267183651467674,0.00693277173592885
