3.711161791891098716e+01,2.075183390472024314e+02,4.951482071024990717e+00,8.315298786761245176e-02,1.006952989722579607e-02,1.061498906489724625e+01
3.673103398776407147e+01,2.076507405727665798e+02,4.912849530684357369e+00,8.187248393814237912e-02,1.019269304636006082e-02,1.061562721063723025e+01
3.688949276966779678e+01,2.073665077374054704e+02,4.909244237194283045e+00,8.223296835363216872e-02,1.010449236570790804e-02,1.061603825356502995e+01
3.715102891021293630e+01,2.076242309977596108e+02,4.930575264876020825e+00,8.272178338436331213e-02,1.025627374081968662e-02,1.061604882674436467e+01
3.657793171491578477e+01,2.074833177052680924e+02,4.934773778589767623e+00,8.214254498549716788e-02,1.030365957204747857e-02,1.061606782183660336e+01
3.723213512006323356e+01,2.076929580707196692e+02,4.926193303180315120e+00,8.284962955781080551e-02,1.020816349670358378e-02,1.061608699660210853e+01
3.674685429860549135e+01,2.070907659032230583e+02,4.942664120515767756e+00,8.260953385166774909e-02,1.003732150429920318e-02,1.061619974434182190e+01
3.691572087313048200e+01,2.073714589739083749e+02,4.884912109445203932e+00,8.155569473695066518e-02,1.000875609314350566e-02,1.061640051986558575e+01
3.725963431993089614e+01,2.076307879148167501e+02,4.950934896761169490e+00,8.327838663149111920e-02,1.007487943659021550e-02,1.061645571110496533e+01
3.664726727585035349e+01,2.071334575430557265e+02,4.959904400384543166e+00,8.267381262371439887e-02,1.024991858952522053e-02,1.061671915099003449e+01
3.704403634633086995e+01,2.073049637062302395e+02,4.980235153407155835e+00,8.368953747710178304e-02,1.005938270483660441e-02,1.061694108990305452e+01
3.707868565026869589e+01,2.081271524132498030e+02,4.924264557487897598e+00,8.273239811489654927e-02,1.001862241768626018e-02,1.061729427720688790e+01
3.693342729841428707e+01,2.070942825652662123e+02,4.887195715142843788e+00,8.179901926384600119e-02,1.004127126141555332e-02,1.061756707185518067e+01
3.732177777987562450e+01,2.079478229510800986e+02,4.885725062646568695e+00,8.221656966490356599e-02,1.004719516407358466e-02,1.061762521410536664e+01
3.679165565801966409e+01,2.073514692330188893e+02,4.871491220225569130e+00,8.120479738814771753e-02,1.051789512066986058e-02,1.061786655779467203e+01
3.680429175672391295e+01,2.071561032453026314e+02,4.977829832360379569e+00,8.313070090416668778e-02,1.047928867572003528e-02,1.061818103663104118e+01
3.667958621044608947e+01,2.077792395173866282e+02,4.926533135328726054e+00,8.198179930314634933e-02,1.008405680150849942e-02,1.061823934239641076e+01
3.655918204282981065e+01,2.074651109454198661e+02,4.890664105295663866e+00,8.117748599487456529e-02,1.063883701174342389e-02,1.061880766709924018e+01
3.713737122454879369e+01,2.072342953840565940e+02,4.918420736883566846e+00,8.275211148284941642e-02,1.003836949069159511e-02,1.061892687471947561e+01
3.729138055909427152e+01,2.072398590973454588e+02,4.909777384590225502e+00,8.257728952286752522e-02,1.008293713342024896e-02,1.061909890683985580e+01
3.672828672210773959e+01,2.074106566808850687e+02,5.009653741873863808e+00,8.367002886262700501e-02,1.055993931601851427e-02,1.061933426864261065e+01
3.695725919810710280e+01,2.081806787597080586e+02,4.977833465854916817e+00,8.350458346124883802e-02,1.007658678163140913e-02,1.061947566424722922e+01
3.735419077124545595e+01,2.073972772994256104e+02,4.888595705210761366e+00,8.226992273047437076e-02,1.016032811276712695e-02,1.061954404078200120e+01
3.734866236799132366e+01,2.080364550917047950e+02,4.885171593638260923e+00,8.212810604292061778e-02,1.003382968397048200e-02,1.061970553115183336e+01
3.741881957533321668e+01,2.076242928187321866e+02,4.943244875480762524e+00,8.330732303993017285e-02,1.043683056354508497e-02,1.061973646754192124e+01
3.692104004393763717e+01,2.071112337188782249e+02,4.960293046552250118e+00,8.317382893421151890e-02,1.039033188088970758e-02,1.061982818213571278e+01
3.657672822627595366e+01,2.078477922298251599e+02,4.886263917548411051e+00,8.115633181839569665e-02,1.018511511831880594e-02,1.061989201167128094e+01
3.699734736238245603e+01,2.075181049383368759e+02,4.894368633866180929e+00,8.173538085665456310e-02,1.133090355353623749e-02,1.062013334680682775e+01
3.659962249936631906e+01,2.070498852196668338e+02,4.947992575829877282e+00,8.220104631238965565e-02,1.020309769883025533e-02,1.062025924731162263e+01
3.712090023290402030e+01,2.071005937954710419e+02,4.866172582931526769e+00,8.149577659396932405e-02,1.001574748564685105e-02,1.062061095542857458e+01
3.692564703182227959e+01,2.072915038374703727e+02,4.999645246272346633e+00,8.365091464374009578e-02,1.092616585948632049e-02,1.062061539734904336e+01
3.708699841970609867e+01,2.077438235569667597e+02,4.992355358134791032e+00,8.391691873083303999e-02,1.075060195132269449e-02,1.062073480866397901e+01
3.743432306795231312e+01,2.077053055054121273e+02,4.953308891676112324e+00,8.350332239448755856e-02,1.068135704504250515e-02,1.062097705757236987e+01
3.673868655348070433e+01,2.069386940244738753e+02,4.916072485949605664e+00,8.179827086267320302e-02,1.000344846180743937e-02,1.062108753808137962e+01
3.675065889296084265e+01,2.079481091622839983e+02,4.879129196634198529e+00,8.139852618846690757e-02,1.073569804398452794e-02,1.062131509245620187e+01
3.664557010580470120e+01,2.080526107147114487e+02,4.987586800418386090e+00,8.317264552617052720e-02,1.003009754504826691e-02,1.062134563199147763e+01
3.697854923806112026e+01,2.081056615747594662e+02,4.842955673268666494e+00,8.107117947184280804e-02,1.024429410071347503e-02,1.062145635855177872e+01
3.749017555146864566e+01,2.080769953654504150e+02,4.888120893656599186e+00,8.249990971780359061e-02,1.033217601460069759e-02,1.062154296091357608e+01
3.688962202285574676e+01,2.075278660648193352e+02,4.871827368502378519e+00,8.125137564667242462e-02,1.140014692262169074e-02,1.062155749629384260e+01
3.736448494350712934e+01,2.071132501284843102e+02,4.908334114975594353e+00,8.262167950585014298e-02,1.000002122249015607e-02,1.062184638951342208e+01
3.671988426196088540e+01,2.080029085637304718e+02,4.996911250946642014e+00,8.364238634337282929e-02,1.030135856654317700e-02,1.062250026745785014e+01
3.722055808372556385e+01,2.071958934212755423e+02,4.862931159395264658e+00,8.148872685910908686e-02,1.023808511188759214e-02,1.062254035311231171e+01
3.627833385589308079e+01,2.074176869454341272e+02,4.870201494108504114e+00,8.078561965949769552e-02,1.009326331249547383e-02,1.062262936374041189e+01
3.698605721849258288e+01,2.072336327357808443e+02,4.929257656883959449e+00,8.243569686254421935e-02,1.154577716917993754e-02,1.062277413552888916e+01
3.632033139789398746e+01,2.077604866764097551e+02,4.897783239159824831e+00,8.107333526303975302e-02,1.047747623873942352e-02,1.062278929439185937e+01
3.646421191666509998e+01,2.071170716533188738e+02,4.882656331482578160e+00,8.080831647525674177e-02,1.027389373619670698e-02,1.062287311796559486e+01
3.736095666633006829e+01,2.078943018749571650e+02,4.978743779799057023e+00,8.426654395408832154e-02,1.006109061486701491e-02,1.062299204995246704e+01
3.711251332671585601e+01,2.074585259964907777e+02,5.059045005224395375e+00,8.521131965047168411e-02,1.000439856347137141e-02,1.062302180763311732e+01
3.698844473468279404e+01,2.076491739757863400e+02,5.029260050661518378e+00,8.419941598542271533e-02,1.069602786154242625e-02,1.062308970652089002e+01
3.691698753422703305e+01,2.068364647961063838e+02,5.019456084157424058e+00,8.407199312950235093e-02,1.001746557076572779e-02,1.062336902468009825e+01
3.726606382392647276e+01,2.080157219375722946e+02,4.892959847544218199e+00,8.201920608709264982e-02,1.146252404082519563e-02,1.062340963040590402e+01
3.675686447416086367e+01,2.080563043502430673e+02,4.849198295871723907e+00,8.070914501522623297e-02,1.074639807844497696e-02,1.062342252321279013e+01
3.617968501616202559e+01,2.070126037287663223e+02,4.865989061192113496e+00,8.036883624881842325e-02,1.022157390409074440e-02,1.062375826240522514e+01
3.710269874007241953e+01,2.067569228343008092e+02,4.933767744358650731e+00,8.289284716999288649e-02,1.002941222513590268e-02,1.062382528329876052e+01
3.723578163442596178e+01,2.075842701835852040e+02,4.815101258262688866e+00,8.064129775724535043e-02,1.006998814112630355e-02,1.062402960343215952e+01
3.641545326604702382e+01,2.073165576162092520e+02,4.896341336169972358e+00,8.156702526235512507e-02,1.008164127701448136e-02,1.062405718548048839e+01
3.732450593678600370e+01,2.081699236702409337e+02,4.932740787516182834e+00,8.297646787562952542e-02,1.129939350068833240e-02,1.062415703586783167e+01
3.672555664758356642e+01,2.073370232506914306e+02,4.915493710737778521e+00,8.160893772602008378e-02,1.235383277305280789e-02,1.062421733700755411e+01
3.662129256005959377e+01,2.071029650387187075e+02,5.035781350579913607e+00,8.385387066292267211e-02,1.044073572136639330e-02,1.062441932937430167e+01
3.751996453606875548e+01,2.075163714680775229e+02,4.858251190401261077e+00,8.208052711754565411e-02,1.013034728786489647e-02,1.062461842843099546e+01
3.685302942274439175e+01,2.078045269158469353e+02,5.010834797854269773e+00,8.366229163331716234e-02,1.163642456186905760e-02,1.062462005883524441e+01
3.632995827596599980e+01,2.078712005313906275e+02,4.842544869706374655e+00,8.022124039616231050e-02,1.000014856969366241e-02,1.062464613205751007e+01
3.758250026127305432e+01,2.082633638256164090e+02,4.979149505079512039e+00,8.433254021771204034e-02,1.026981127231350703e-02,1.062477358689039164e+01
3.612431966821541351e+01,2.076112820948416982e+02,4.873029528408387989e+00,8.042949728456784408e-02,1.000967875122661839e-02,1.062504588646029013e+01
3.697283000947382448e+01,2.081656260315671432e+02,4.889198854634346780e+00,8.159203336026622788e-02,1.177877943065362525e-02,1.062553837223128639e+01
3.725839267958687628e+01,2.074929116825069286e+02,4.955704517951025956e+00,8.303045835049870094e-02,1.218628223642140990e-02,1.062586015115343940e+01
3.664700933005936889e+01,2.069991709499435615e+02,4.924983882973496208e+00,8.169584627798960608e-02,1.230637373424465011e-02,1.062643125995807836e+01
3.662210176488414248e+01,2.075643313463131960e+02,4.953671693757455863e+00,8.207267334107352930e-02,1.284009044485001465e-02,1.062686911918052246e+01
3.669597901941501306e+01,2.075940222471420782e+02,4.858561670774981245e+00,8.049368934458878133e-02,1.237360913859469717e-02,1.062694045980696345e+01
3.761832391158960576e+01,2.075593993089457001e+02,4.870136061632143409e+00,8.207092955228208198e-02,1.074552279304277422e-02,1.062778229865519819e+01
3.700499715090193575e+01,2.082414554607488242e+02,4.995398530702391149e+00,8.351533519934851990e-02,1.101081851849506667e-02,1.062787974699858040e+01
3.701733172987331955e+01,2.072523426222686282e+02,4.801619137642232360e+00,8.017206854328874643e-02,1.101782334303775569e-02,1.062855877649216296e+01
3.691603352532363402e+01,2.066962082461857619e+02,4.886834949684424778e+00,8.195847961161123463e-02,1.004409489225802608e-02,1.062874352711933845e+01
3.779503431103551492e+01,2.073691131247684893e+02,4.962557865889388076e+00,8.431496696515218547e-02,1.002342798748542645e-02,1.062937154638671444e+01
3.733340193760814429e+01,2.078999730949035438e+02,5.020150561895428964e+00,8.441142260284596743e-02,1.205670093143843165e-02,1.062957159732962609e+01
3.719520642844753411e+01,2.070204914214421592e+02,4.939255685404705609e+00,8.256481822009947846e-02,1.208622448601287536e-02,1.062977008695212078e+01
3.690558609230156151e+01,2.077877723114574735e+02,4.938932122431057614e+00,8.196545458754962710e-02,1.340322631065213842e-02,1.062998916490058754e+01
3.784061611951214132e+01,2.078316752004512011e+02,4.897467249574968484e+00,8.293040128633677455e-02,1.105340507153210368e-02,1.063114186751848322e+01
3.669078254193730260e+01,2.082842742934352032e+02,5.037341035990566596e+00,8.404930352971504148e-02,1.011506894074845619e-02,1.063141344523916487e+01
3.656661973864495963e+01,2.068907178773761757e+02,5.021732105543589064e+00,8.351371666364837409e-02,1.211533997968371190e-02,1.063176050285585283e+01
3.644148717697649431e+01,2.063989960344539156e+02,4.936376038799957122e+00,8.172556448060158685e-02,1.006491184608055214e-02,1.063180720765202203e+01
3.703657462506652820e+01,2.071645393406164430e+02,5.036087924167587992e+00,8.453130242670776895e-02,1.177320813773925952e-02,1.063208742631624304e+01
3.726659755366971183e+01,2.076154718935904668e+02,4.862608297163481197e+00,8.110199618713320735e-02,1.353609801170826618e-02,1.063350012262703537e+01
3.684365405972248197e+01,2.087572958778601446e+02,4.898347999590634494e+00,8.190635560002143545e-02,1.056389168612122814e-02,1.063350468048820119e+01
3.694115512238462173e+01,2.084969422024275616e+02,4.952247013710214141e+00,8.289665689301776996e-02,1.179584308981867016e-02,1.063353795379869737e+01
3.666702545007009206e+01,2.075859528651286041e+02,4.958062879744386642e+00,8.249640215870859827e-02,1.316775415232694299e-02,1.063500604313928299e+01
3.761033841168433156e+01,2.069790387618600391e+02,4.834757721284011822e+00,8.150432715394224925e-02,1.005679632927897367e-02,1.063540024547393159e+01
3.788741295731647796e+01,2.075903686308706995e+02,5.039362561030849896e+00,8.577680586023687936e-02,1.032839343237129150e-02,1.063621711423020955e+01
3.731415445544241294e+01,2.088432673412765439e+02,4.843785107674177581e+00,8.141972761869058217e-02,1.083771662527944178e-02,1.063629837431294689e+01
3.721157851308434061e+01,2.080343635943147831e+02,4.850960350363898499e+00,8.070054968684606256e-02,1.265681236783051077e-02,1.063747194659268303e+01
3.690672721011996060e+01,2.068594129017592138e+02,4.889489165914449487e+00,8.111619824240046128e-02,1.387667495665131923e-02,1.063750826714878173e+01
3.675015212226679040e+01,2.083800372995081887e+02,4.859689407415088702e+00,8.050751825071286727e-02,1.113056009646520156e-02,1.063986580828271400e+01
3.649051400185732774e+01,2.066463390911489171e+02,5.005873354889845750e+00,8.261088118419135373e-02,1.369955069852041643e-02,1.064017641994129093e+01
3.573305555659208466e+01,2.066584948494941045e+02,4.950343320493884924e+00,8.098247898376687015e-02,1.171203832172624561e-02,1.064082591436187109e+01
3.634170486103683118e+01,2.065064168546592782e+02,4.884590407748873098e+00,8.095871836816583011e-02,1.171045191411877566e-02,1.064121791445695564e+01
3.711447517514660177e+01,2.082863814576934089e+02,5.015344400565252769e+00,8.400650666100410724e-02,1.373115117959672858e-02,1.064297933592836642e+01
3.717974965944927135e+01,2.080257793349780968e+02,4.692130743292831419e+00,7.853909075036730192e-02,1.005714255786176181e-02,1.064366064903082787e+01
3.689783701326162202e+01,2.090794128955234044e+02,4.857076271973671311e+00,8.129375754111535513e-02,1.067175207565800032e-02,1.064622337641933392e+01
3.655166654418162153e+01,2.079399140705279763e+02,4.853359640632865180e+00,7.948535191820826906e-02,1.536584042205821690e-02,1.064951085888754712e+01
3.716346654996165455e+01,2.074627432051285041e+02,5.135254849910511510e+00,8.591033147007488824e-02,1.444786888341521858e-02,1.065436139182016717e+01
