8.307230056785822114e+01,2.089432074282806582e+02,3.042773236425272643e+00,7.690835265347613081e-01,7.746444100176063327e+35,7.132179472345699267e+00
8.293819855722153989e+01,2.088416574791726248e+02,3.064286411655964049e+00,7.669195175826722943e-01,1.017840900190447036e+36,7.132523628901039636e+00
8.292311695629798862e+01,2.088124131632182525e+02,3.093283208870629242e+00,7.632465775175610867e-01,7.771510571365193279e+35,7.132783389071018831e+00
8.298151506096266417e+01,2.088678663099842652e+02,3.067599639264931621e+00,7.662952983294788467e-01,2.183215906340276578e+36,7.133688885810455460e+00
8.307304464019627233e+01,2.090156904366642721e+02,3.064009943669208980e+00,7.663113346315876262e-01,1.939682666554465254e+36,7.133752202906292084e+00
8.315292380082067325e+01,2.092592778511709071e+02,3.030142144293121564e+00,7.716587406608470534e-01,2.127104794275212567e+36,7.135113562846457036e+00
8.309832815136532247e+01,2.089447946605491779e+02,3.057473313098989287e+00,7.711708074597563023e-01,5.390681381758036735e+36,7.135796256968289342e+00
8.318828198921491435e+01,2.089350885718908160e+02,3.029988735796121269e+00,7.747357259706362242e-01,3.795530117624145267e+36,7.136171656584307854e+00
8.297769063903086817e+01,2.090081492556872149e+02,3.013086347937112830e+00,7.730646124115622131e-01,8.809709312884744771e+35,7.136515371526437335e+00
8.320840450283628797e+01,2.091782349898008135e+02,2.987173230402241142e+00,7.771528915551272343e-01,1.463624008105084274e+36,7.136600379234057101e+00
8.317299585451610255e+01,2.087554190741597893e+02,3.022958359957766294e+00,7.745493837740831111e-01,9.915948685078876734e+35,7.137080635361289893e+00
8.294470016814160829e+01,2.089985129452672084e+02,3.083649081984805029e+00,7.686787619020329920e-01,5.494511872901715791e+36,7.137123035467777044e+00
8.276457209792984315e+01,2.087024431900491663e+02,3.077264823691431062e+00,7.678681552110879771e-01,1.321984876243948127e+36,7.138126786904208210e+00
8.308658574083833059e+01,2.089947518818295862e+02,3.035271753314009668e+00,7.665022086165920179e-01,1.866165754111403433e+36,7.138568395181184911e+00
8.287362547306351246e+01,2.088267321116357778e+02,3.137413513471786430e+00,7.577075216130599866e-01,3.019943557582162538e+36,7.138787799219591612e+00
8.321674716688107765e+01,2.093886609251039204e+02,3.049595103613375713e+00,7.679870362063712097e-01,2.202502001015612790e+36,7.138952662858540243e+00
8.318335397458589853e+01,2.089370275866110092e+02,3.065892808614723020e+00,7.696928532828316571e-01,6.741654782384736332e+36,7.139189167886830667e+00
8.290049681359150213e+01,2.092849260718304834e+02,3.117414585139251848e+00,7.652881377073984526e-01,6.384143392121853521e+36,7.141099326135641689e+00
8.307923412393984108e+01,2.094857703385729337e+02,3.091506676016401389e+00,7.679980132576640361e-01,4.615197480125805798e+36,7.142568256201279553e+00
8.334346913759181064e+01,2.092286853903436850e+02,2.910933513911882820e+00,7.846726113439554950e-01,1.171531095966229570e+36,7.146752266978513290e+00
8.264003387196633810e+01,2.085542909513266636e+02,3.192666611078022409e+00,7.469697014545421121e-01,7.721331086074189788e+35,7.147077458145695061e+00
8.270638037803678344e+01,2.085901321138153435e+02,3.110671964184555716e+00,7.689486124234578002e-01,6.353088261874535443e+36,7.147108756197585677e+00
8.332767489308346853e+01,2.095427815284171515e+02,2.961155083379350739e+00,7.845764141216456933e-01,4.659136154704698985e+36,7.147461987827844254e+00
8.321137205849151997e+01,2.087687396664160815e+02,3.123426388824257938e+00,7.626407528615125608e-01,7.162973419297431922e+36,7.151188043917974468e+00
8.318603334090066426e+01,2.093204534697427732e+02,3.061378605373799910e+00,7.700829929368475657e-01,1.219352942353967411e+37,7.158048694520463329e+00
