2.413700218249230645e+00,2.256435688706745850e+02,4.905237313285075729e+00,2.043386035145836055e-02,2.672853905491522908e-01,4.082601741050460987e+03
2.380954026308518934e+00,2.254456371279910059e+02,4.881568259852977043e+00,2.029009041693233609e-02,2.655150562486062737e-01,4.082672964238407531e+03
2.418287357965783091e+00,2.258147415811544363e+02,4.892190578757567465e+00,2.032710340561382639e-02,2.673579913818471265e-01,4.082824482069393525e+03
2.366748554191163922e+00,2.253199782883979481e+02,4.882278261741185510e+00,2.041521777524196724e-02,2.648889571239111951e-01,4.082901730146903446e+03
2.427718487449788132e+00,2.257656137716694218e+02,4.884613190544754069e+00,2.079950280225742465e-02,2.610505548217311178e-01,4.083064043816374578e+03
2.382177139775675467e+00,2.257767469375490066e+02,4.885346707262560706e+00,2.065265323837688072e-02,2.629869609792642171e-01,4.083271114493651567e+03
2.387780350158520193e+00,2.255375215287060087e+02,4.904343896679633552e+00,2.035482186005107760e-02,2.672773677644237345e-01,4.083454742642681595e+03
2.445668019021814743e+00,2.260744162263894736e+02,4.901516115413975250e+00,2.061092329428267783e-02,2.644708852960876433e-01,4.083692457444102729e+03
2.371153510166680523e+00,2.260756682665553967e+02,4.904788381406709696e+00,2.048169002519251852e-02,2.669294033573713087e-01,4.083834050856742124e+03
2.375599958224976493e+00,2.259032988756709983e+02,4.907177789036199833e+00,2.036650865631806778e-02,2.674989670034313982e-01,4.083954689447037254e+03
2.448223828168139438e+00,2.256614406457952668e+02,4.907434077821706708e+00,2.036117221456883175e-02,2.686856549661913451e-01,4.084024470583187849e+03
2.446420766841542527e+00,2.256010113929637839e+02,4.880673342786277402e+00,2.086127580418990074e-02,2.598265994846254978e-01,4.084030615064269568e+03
2.378180682598637130e+00,2.250888836891115830e+02,4.909884306606266513e+00,2.038258525706405228e-02,2.685218119892072153e-01,4.084061746349365421e+03
2.402958521384783275e+00,2.242987382314516935e+02,4.890780756455191280e+00,2.086248566563000950e-02,2.602331195797904506e-01,4.084147592362466185e+03
2.438440256558704888e+00,2.254852491786587336e+02,4.916244741867712875e+00,2.095688139493313146e-02,2.621498436212481575e-01,4.084252505185897917e+03
2.400215365207347684e+00,2.254084002438068808e+02,4.895165949371118153e+00,2.007812248606254124e-02,2.693723623887798735e-01,4.084405116433401872e+03
2.416273225402874925e+00,2.244169060103142215e+02,4.890229324722659143e+00,2.032057456620431357e-02,2.661051180111981274e-01,4.084530840638519294e+03
2.366029854617212269e+00,2.248521840258689792e+02,4.878797885164681603e+00,1.999512616641124091e-02,2.688385094652455121e-01,4.084588883596434698e+03
2.418044950859584485e+00,2.262309116959518747e+02,4.899633658927504243e+00,2.012796119081374652e-02,2.706991169956186050e-01,4.084620527115213918e+03
2.372993725910117035e+00,2.256465203437562934e+02,4.875642218825547047e+00,2.049013757813692924e-02,2.617181050501565798e-01,4.084770593990994712e+03
2.348281471024650013e+00,2.262472616195116473e+02,4.894959497282704852e+00,2.017674136755408937e-02,2.687976195857684214e-01,4.084892838326661149e+03
2.469414981518151642e+00,2.249156129696135906e+02,4.886928004602944853e+00,2.071001771825727381e-02,2.625468699073980061e-01,4.085084440427332993e+03
2.417260849544369705e+00,2.239015582927752348e+02,4.890903550001060474e+00,2.053987696977392294e-02,2.645340878016539388e-01,4.085094536562552548e+03
2.399776137105087415e+00,2.247232474149646180e+02,4.859907400806687150e+00,2.040075545648162986e-02,2.628852832214974566e-01,4.085109973589433139e+03
2.396955752412678109e+00,2.253734705304668751e+02,4.861496629703151662e+00,2.092343153815792722e-02,2.564003643520764153e-01,4.085239179866265658e+03
2.465197276126694703e+00,2.244772971411235005e+02,4.892412879882155785e+00,2.082528233271974116e-02,2.618129345085914994e-01,4.085434300737754711e+03
2.359515118423598956e+00,2.248404545888456312e+02,4.885533104571806007e+00,2.061816248837287924e-02,2.613122370808824702e-01,4.085491930521566246e+03
2.384875300737924864e+00,2.268648437721157052e+02,4.916441986562017696e+00,2.053426587538664805e-02,2.673293371175642918e-01,4.085525509032283935e+03
2.408148929840633556e+00,2.246664551938009140e+02,4.875355186069864288e+00,2.067811937961804361e-02,2.621008131497087335e-01,4.085623499684281342e+03
2.386892713503291130e+00,2.251879179720544073e+02,4.929096739953635620e+00,2.051570049235738186e-02,2.687651152710222036e-01,4.085837340830445555e+03
2.410474363422957733e+00,2.237689892143468455e+02,4.885340691126095258e+00,2.033347887504144413e-02,2.660648787011997696e-01,4.085893457722453149e+03
2.382586315365127660e+00,2.258435670407078817e+02,4.917733746719614274e+00,2.012973141751939893e-02,2.726361933283633632e-01,4.086160171960704247e+03
2.357333098055130804e+00,2.256204429914348850e+02,4.846850527104929363e+00,2.005949279234107985e-02,2.640822195837603803e-01,4.086212341651526003e+03
2.432404314603867856e+00,2.241053842729903351e+02,4.911459577342709437e+00,2.050604273467510064e-02,2.677677801436302296e-01,4.086235177261040917e+03
2.440618302460883182e+00,2.260471339040674081e+02,4.901561063068752944e+00,2.098578855369615664e-02,2.594926232704514724e-01,4.086239509128640748e+03
2.391607607461260887e+00,2.246172105913594805e+02,4.915755586084878281e+00,2.065145189298983608e-02,2.669598544633905446e-01,4.086421553699877677e+03
2.408227370716152116e+00,2.272160387718535048e+02,4.878357270168272919e+00,2.019372859517520186e-02,2.665398793995572557e-01,4.086427676134638659e+03
2.372204777958096589e+00,2.242479075960947910e+02,4.900381114054169984e+00,2.110426356146084120e-02,2.590185928931724169e-01,4.086462557707629458e+03
2.391217520624913551e+00,2.265321580854594288e+02,4.908569430583907156e+00,2.044331658129367596e-02,2.661489354028846455e-01,4.086472711869047998e+03
2.394559297921241114e+00,2.245123740309838638e+02,4.913060423668854426e+00,2.012156816681817673e-02,2.716934732294690735e-01,4.086475966712359877e+03
2.378142549169302455e+00,2.258412028608300091e+02,4.912763610644261369e+00,2.032335163505432848e-02,2.679442547421088117e-01,4.086522365910254393e+03
2.396479940044692558e+00,2.259796659250789332e+02,4.858916616941524325e+00,2.070232949567206437e-02,2.597435693977320770e-01,4.086600490500073192e+03
2.388282188634829772e+00,2.256721701653791570e+02,4.915186273486060742e+00,2.009021069244172966e-02,2.731409479583086219e-01,4.086604745922027632e+03
2.417564214013712576e+00,2.238082520933732553e+02,4.886422636945055409e+00,2.018597088697594161e-02,2.678399007141523680e-01,4.086605527127010646e+03
2.409208984671235676e+00,2.249812644605280525e+02,4.873242548062950874e+00,2.119342331516466463e-02,2.542150882837820314e-01,4.086781566289167586e+03
2.463195051383741951e+00,2.240201927622658502e+02,4.879940056203426302e+00,2.089775918766113502e-02,2.591126569768733567e-01,4.087308605267563962e+03
2.416948772738602980e+00,2.257695197816608470e+02,4.940885658161225713e+00,2.058321990003399507e-02,2.692509107565229098e-01,4.087331472005307205e+03
2.338502134525027198e+00,2.266274784537461358e+02,4.878493639305886198e+00,2.013868124838970319e-02,2.660922839644296878e-01,4.087359122794402538e+03
2.467244923288316460e+00,2.244560673981040395e+02,4.876103233347497401e+00,2.039429139783337230e-02,2.638723327409776553e-01,4.087377141444841072e+03
2.446456947960691686e+00,2.271014373174383536e+02,4.879768915984603161e+00,2.072252826385096586e-02,2.606348157537867749e-01,4.087483766374632069e+03
2.346856272347671357e+00,2.254869171801635162e+02,4.864312592438356120e+00,2.078797368512774052e-02,2.569291562090441072e-01,4.087549501641285588e+03
2.331289892191972690e+00,2.266765490468153246e+02,4.893130574119388676e+00,2.041029215231868893e-02,2.665421787238585472e-01,4.087629233605305672e+03
2.413891467858509277e+00,2.242925970601129109e+02,4.932776721789488228e+00,2.104568629630157797e-02,2.635368374256568114e-01,4.087659308083697397e+03
2.475291999170371682e+00,2.240349208995403103e+02,4.882390068039155651e+00,2.063935655994853652e-02,2.623227706163844264e-01,4.087704605482724219e+03
2.433493194658064240e+00,2.253837267314455346e+02,4.894926197905710374e+00,2.005483397886136804e-02,2.719381362850472050e-01,4.087708061610807817e+03
2.309297828443766409e+00,2.259782345033414117e+02,4.886030078084241168e+00,2.002912514316936704e-02,2.692468536094542175e-01,4.087735493158118061e+03
2.321542944935548913e+00,2.261578187846021422e+02,4.892325113521202695e+00,2.070437099952775889e-02,2.629188578114905472e-01,4.087787281468824858e+03
2.490958694419375341e+00,2.251632053141701988e+02,4.887175791752754961e+00,2.107763311702844089e-02,2.578223041273844385e-01,4.087792853711614953e+03
2.351896245415538544e+00,2.248422924471459510e+02,4.850215560781793833e+00,2.064249435895609483e-02,2.589925102057933359e-01,4.087810653197203465e+03
2.439893338045952653e+00,2.258177822490116853e+02,4.934922795195364920e+00,2.072263486051222417e-02,2.663091494946762117e-01,4.088233979718887440e+03
2.459136694346047314e+00,2.244653775268312472e+02,4.870234752553133539e+00,2.012844661241875235e-02,2.674021149358059568e-01,4.088271992044193667e+03
2.461904307504461098e+00,2.251498110372146471e+02,4.868631050336102994e+00,2.030007239715696937e-02,2.658927821858773077e-01,4.088277449551605969e+03
2.361019493321011797e+00,2.258118851305704595e+02,4.915510928326233042e+00,2.058073832995670552e-02,2.680133519853250545e-01,4.088296945360886639e+03
2.415997434190312987e+00,2.267105052100289697e+02,4.914150335088574906e+00,2.070401717917765699e-02,2.636718090810112325e-01,4.088389891128490490e+03
2.458317188416146770e+00,2.257323359609096087e+02,4.875903233590761943e+00,1.997571291997832232e-02,2.702928867911227329e-01,4.088528444650889469e+03
2.386535578958876247e+00,2.237584799661208024e+02,4.879692161380045690e+00,2.062631084022367722e-02,2.603992845280822532e-01,4.088560942497596898e+03
2.365500237916726700e+00,2.252093210225239659e+02,4.906373265875035194e+00,1.980395330506530896e-02,2.751387986017669318e-01,4.088601419697835354e+03
2.430188440109102732e+00,2.241583534930007318e+02,4.862612070604264147e+00,1.992347651652879442e-02,2.681815612473832933e-01,4.088645747755390857e+03
2.388700193582515396e+00,2.273332309323985214e+02,4.873005902600982431e+00,2.018120806576072235e-02,2.652016811429431797e-01,4.088656078096224519e+03
2.390543522992289560e+00,2.273022599908360348e+02,4.881623973894399171e+00,1.988195376443417650e-02,2.715390768551682599e-01,4.088839018903172018e+03
2.292113688631885804e+00,2.257902789549358431e+02,4.886055419434975455e+00,2.024704891965480383e-02,2.662250431631017489e-01,4.088851778168332658e+03
2.326783740280576662e+00,2.265623962400680398e+02,4.891422859130438283e+00,1.978231974614800409e-02,2.726787151435556278e-01,4.089062105216000418e+03
2.333761901978361308e+00,2.267094137417175261e+02,4.924031965399014332e+00,2.053002599909014084e-02,2.681039235697736944e-01,4.089546439442453448e+03
2.288378695404754026e+00,2.255378781002375774e+02,4.876098608248556232e+00,1.985298422090564507e-02,2.698263135364474263e-01,4.090188264103672736e+03
2.477519133254072692e+00,2.273446773875834310e+02,4.915692758613402269e+00,2.041843196025754786e-02,2.699888553113898859e-01,4.090325315114363548e+03
2.435689889902087568e+00,2.272331331548546984e+02,4.869385092307066287e+00,2.000168654039070557e-02,2.692100007223472424e-01,4.090507508620265071e+03
2.437097503888396854e+00,2.247856770406741305e+02,4.950765992208475907e+00,2.079687215377757151e-02,2.696133802523930645e-01,4.091152515496291926e+03
2.491478222746701388e+00,2.241437744320111563e+02,4.941331534611493659e+00,2.095577138056545913e-02,2.651442992991149272e-01,4.092187359951059989e+03
2.363422904791300461e+00,2.254695841002505574e+02,4.828471031009559766e+00,2.085623147324838084e-02,2.527789635323744455e-01,4.092258917903289330e+03
2.446436332841092298e+00,2.251793769795605158e+02,4.880346288629216822e+00,2.069834786556825484e-02,2.591065542529959465e-01,4.092715271940367984e+03
2.496016538560868803e+00,2.256489208776395685e+02,4.909064279118332763e+00,1.983533872438125387e-02,2.754292141418789863e-01,4.092848140203612274e+03
2.336953746614570449e+00,2.228139969006572016e+02,4.860182859788567455e+00,2.025461757250366854e-02,2.629193671838427893e-01,4.092959243973771208e+03
2.472147677896815665e+00,2.245545096028297962e+02,4.901334777291070921e+00,2.123694609170272141e-02,2.599769227236695679e-01,4.093048258549075399e+03
2.401104093979322673e+00,2.270293393415411458e+02,4.881720716958787953e+00,2.071849539492980063e-02,2.635402991890714031e-01,4.093307213541596866e+03
2.443446177311832557e+00,2.237697127872539511e+02,4.897466383773592113e+00,2.086460458825415559e-02,2.591603331994165593e-01,4.095160310438120177e+03
2.473086632872750101e+00,2.259655201294148981e+02,4.891386399283927489e+00,1.998403356311704779e-02,2.736612997197923058e-01,4.096824295380981312e+03
9.482376806981662298e+01,2.476530264200887643e+02,5.707962947081927751e+00,9.108501422900993072e-01,1.024289295994970476e-02,3.359239252475277317e+04
9.438243313124254996e+01,2.461261427681731959e+02,5.764129792797779928e+00,9.111195455908353003e-01,1.081918636965005509e-02,3.359857223489484750e+04
9.505435338231860953e+01,2.453720915298349325e+02,5.658433114924950935e+00,9.131715046177246720e-01,1.194727333010115779e-02,3.360551388238358777e+04
9.486638700470220442e+01,2.464986640879135962e+02,5.680139488055343300e+00,9.126059878977339501e-01,1.408341196037941369e-02,3.360785605068658333e+04
9.461965547549237954e+01,2.506883653983218778e+02,5.682949685517919569e+00,9.119013759551941600e-01,1.068347249430333726e-02,3.360882535053441097e+04
9.470188798175064449e+01,2.496832621847283065e+02,5.734018128610775200e+00,9.130066058170777099e-01,1.182365201912088416e-02,3.361399811829825194e+04
9.497410278279727436e+01,2.427200675811603787e+02,5.613673942457992005e+00,9.136776442878248305e-01,1.000616608271283695e-02,3.361629790925750422e+04
9.405254778831995566e+01,2.499385610494084347e+02,5.693152295705379728e+00,9.122485384285544674e-01,1.056752131491892760e-02,3.361777638343989383e+04
9.465452419986706900e+01,2.438000605464892487e+02,5.839844440782353985e+00,9.098764593004222689e-01,1.101845634064384238e-02,3.362179039880124037e+04
9.509364158558655333e+01,2.427336491404402068e+02,5.676174843215154198e+00,9.134426451253198076e-01,1.319811801421227719e-02,3.362398665250778140e+04
9.541482216662366511e+01,2.466064533683921525e+02,5.643868035030924268e+00,9.142472257131843971e-01,1.017692599746806460e-02,3.362459450508926238e+04
9.423420259575836155e+01,2.500992779441785103e+02,5.759396534385262001e+00,9.117938183890786918e-01,1.487339271024692121e-02,3.362802293352182460e+04
9.505509650192682614e+01,2.522069037309149451e+02,5.805239752126900576e+00,9.115509313396531477e-01,1.357569817378313087e-02,3.365321001728865667e+04
9.509926588344706033e+01,2.428405705330124533e+02,5.550171497682214294e+00,9.203375780056044508e-01,2.151880949692286035e-02,3.369245276623455720e+04
