time,invT,err
sec,invK,invK
0,15.5584797383105,0.379814705196581
10,12.9443701769546,0.316389785125418
20,11.1123081526282,0.271808015631591
30,9.57279985115735,0.234275820614618
40,8.27702032991713,0.202644045478934
50,7.17362974491397,0.175683486701348
60,6.22840089458348,0.152571989032455
70,5.41967597535066,0.132788731124872
80,4.73698102681598,0.116083085085084
90,4.15462428660586,0.101829843475194
100,3.65353959684579,0.0895644151444271
110,3.22406106467597,0.0790514501128595
120,2.85758961967198,0.070081196115866
130,2.54522804301236,0.0624362575565689
140,2.27322999692414,0.0557803818017734
150,2.04716147484022,0.0502497473768051
160,1.83198890270957,0.0449873576746976
170,1.6560956702602,0.0406873540186878
180,1.51095038172516,0.0371406808170036
190,1.37013813083398,0.0337018181113376
200,1.25869335510396,0.030981946995991
210,1.15361088251634,0.0284192593794807
220,1.07153621508484,0.0264193232367466
230,0.997932038260951,0.0246273444224629
240,0.933288877519898,0.0230550297439555
250,0.860732560946237,0.0212923172908822
260,0.818176637390423,0.0202596884903883
270,0.766836445995384,0.0190153906790917
280,0.736248372386853,0.0182749468807916
290,0.682164559097073,0.0169677052554167
300,0.654097739862155,0.0162904653016674
310,0.628300271314013,0.01566879491247
320,0.606026310675541,0.0151327353712428
330,0.585299280527099,0.01463455484048
340,0.553519717950125,0.0138720971784858
350,0.531036580477209,0.0133338202171021
360,0.511831330804268,0.0128748709488177
370,0.49681484735128,0.0125166260514802
380,0.491468279327702,0.01238921214762
390,0.482722037809546,0.0121809458386785
400,0.458248167331786,0.0115993471052763
410,0.452157044731434,0.0114548883519683
420,0.442124176763066,0.0112172207450916
430,0.426162304420095,0.0108398554595596
440,0.413296122685294,0.0105364101778666
450,0.414039263560784,0.0105539180312753
460,0.407808852690648,0.0104072088899597
470,0.395849164102508,0.0101260859666557
480,0.387986369268866,0.00994164062950186
490,0.376992661198173,0.00968428855925801
500,0.382671531603873,0.00981714459938833
510,0.363463075456036,0.00936850512045525
520,0.365189145878493,0.0094087315655887
530,0.363442447054638,0.0093680244815328
540,0.362339177429896,0.00934232227829014
550,0.356590805220804,0.00920852963140366
560,0.349665283745527,0.00904762440773934
570,0.339288089159008,0.00880714356055112
580,0.3357146466326,0.00872451419978522
590,0.333012103154604,0.00866208729752465
600,0.334239838018872,0.00869044015323896
610,0.32642773904131,0.00851023365689219
620,0.316544673865086,0.0082829775421355
630,0.33204554130991,0.00863977412924783
640,0.315729740332942,0.00826427643644052
650,0.320314613002595,0.00836956652051987
660,0.310627158233006,0.00814731935396522
670,0.314874327583548,0.0082446528213771
680,0.316091287021127,0.00827257248202742
690,0.312667693265081,0.0081940621109838
700,0.299620004518248,0.00789586695708912
710,0.305020531661041,0.00801909046977416
720,0.307464738724641,0.00807495472532967
730,0.297198837336811,0.00784071988258237
740,0.298177582494383,0.00786300548067347
750,0.298296082141682,0.00786570434436664
760,0.300285144736545,0.00791102750638056
770,0.29448927981065,0.00777907719088091
780,0.287459083621656,0.00761951250383882
790,0.292759120556271,0.00773975709021145
800,0.285375619085647,0.00757233109996818
810,0.297469180660764,0.00784687447949891
820,0.284020095806244,0.0075416615146921
830,0.291855909158094,0.00771924340013052
840,0.2881901803733,0.00763608048530723
850,0.279330048943011,0.00743571520859955
860,0.290307860089456,0.00768410511287964
870,0.283675059200939,0.00753385829181153
880,0.279933427473907,0.00744933034995781
890,0.281144055351878,0.00747666139960912
900,0.277510819765446,0.0073946918253451
910,0.278213732695123,0.00741053754671657
920,0.280870292609551,0.00747047939091928
930,0.283948822024555,0.007540049497377
940,0.282695553884357,0.00751171384891146
950,0.281867829921927,0.0074930097751535
960,0.275115494100572,0.00734074085037
970,0.281647541912805,0.00748803331476485
980,0.268227393254473,0.00718601208387466
990,0.275051371074348,0.00733929758122026
1000,0.275127230557539,0.00734100501805899
1010,0.274824709781895,0.00733419635321828
1020,0.28670661255935,0.00760246652980741
1030,0.274066690164338,0.00731714119757169
1040,0.274293460253931,0.00732224266306695
1050,0.263802892967944,0.00708696258072003
1060,0.269158645528424,0.0072068940509624
1070,0.270603596919819,0.00723931814917058
1080,0.269512153621528,0.00721482402851292
1090,0.276495079738321,0.00737180500126257
1100,0.271983959167821,0.00727031891975561
1110,0.281401262691681,0.00748247038749333
1120,0.270379687189869,0.00723429187593882
1130,0.263582372191303,0.00708203306012894
1140,0.27476823488556,0.00733292543449557
1150,0.268761067469119,0.00719797750505449
1160,0.254173433147332,0.00687237060619324
1170,0.271409681316761,0.00725741847249484
1180,0.275319537459085,0.00734533377032919
1190,0.269958434095343,0.00722483750316935
1200,0.262839105596592,0.00706542319491566
1210,0.268056600723275,0.00718218359262612
1220,0.273775579432585,0.00731059328634745
1230,0.254563766693648,0.00688104192753272
1240,0.26837867685696,0.00718940359469853
1250,0.263386925436212,0.00707766462343843
1260,0.264421535694033,0.00710079540506046
1270,0.278453809386251,0.00741595099037829
1280,0.264648725276681,0.00710587671448065
1290,0.267944055177787,0.00717966098564306
1300,0.271861946690307,0.00726757769490529
1310,0.268753636975356,0.0071978108805991
1320,0.261440137299913,0.00703418184019523
1330,0.269788263333037,0.00722101895916277
1340,0.261891827059402,0.00704426575141188
1350,0.268905449114712,0.00720121532730686
1360,0.26495289350664,0.00711268086393193
1370,0.262207234209661,0.00705130892512129
1380,0.268621613579789,0.00719485045857137
1390,0.265294494010944,0.00712032391342111
1400,0.257467018635977,0.00694561182045875
1410,0.263662646354752,0.00708382742831616
1420,0.271390234559054,0.00725698170127172
1430,0.273974866000828,0.00731507569168212
1440,0.269437988583228,0.00721316020092788
1450,0.273692460457159,0.00730872390474822
1460,0.262281539099119,0.00705296839363967
1470,0.271037534737103,0.00724906098709717
1480,0.259258418681618,0.00698551729020214
1490,0.26207808671689,0.00704842483362199
