time,invT,err
sec,invK,invK
0,17.8169856438871,0.436944150544779
10,15.9314078125124,0.391125637045779
20,14.4128153572057,0.354120239610467
30,13.0273510262934,0.32028718007328
40,11.8517902080869,0.291532209416018
50,10.7634092388189,0.264874925811775
60,9.76872857913041,0.240486586530243
70,8.8529705693829,0.218013916479839
80,8.06103097553422,0.19856658033319
90,7.35816447180821,0.181297701863468
100,6.69856428345637,0.165085381172533
110,6.1289639832725,0.151081019445783
120,5.60547351652965,0.138207696880388
130,5.13487484440017,0.126633566792744
140,4.69354773185252,0.115778724386697
150,4.33035209681207,0.106845667228115
160,3.97138017253617,0.0980171115564752
170,3.64739408331393,0.0900500838392937
180,3.35258044501423,0.0828018967212281
190,3.11973376985898,0.0770786508881211
200,2.87212419623337,0.0709944740474023
210,2.65398348863578,0.0656366024046777
220,2.45379971857684,0.0607221864437313
230,2.27768117498416,0.0564010250158377
240,2.14755902693556,0.0532102719021599
250,1.97901070655573,0.0490802143897988
260,1.85875637605549,0.0461360528557845
270,1.72356204802114,0.0428292500770816
280,1.62863791695356,0.040509853997451
290,1.54010284491811,0.0383487365199031
300,1.44268705225538,0.0359737288807166
310,1.33599750612959,0.0333768475941306
320,1.27128096895493,0.0318042099730993
330,1.19813193835425,0.0300294928042374
340,1.14545319554921,0.0287535827026314
350,1.07528813994485,0.0270574540335435
360,1.03522837589384,0.0260910258380522
370,0.987772143441298,0.0249482784077583
380,0.925987135368067,0.0234644646884915
390,0.882552083521522,0.0224244687625099
400,0.836465303585243,0.0213242871166558
410,0.815510809804525,0.0208253310527205
420,0.78519877332105,0.0201051242396287
430,0.767605436622014,0.0196880304589911
440,0.715119164637343,0.0184482449916543
450,0.711500962324894,0.0183630528006206
460,0.669392751610346,0.0173745399328181
470,0.644985460806042,0.016804290935127
480,0.631812635053693,0.016497447569856
490,0.63021529220932,0.0164602861335505
500,0.583020081218827,0.0153672787024857
510,0.58552604644259,0.0154250567070426
520,0.547243218991264,0.0145459763702821
530,0.547828424482429,0.0145593535263872
540,0.528764379181846,0.0141246304159723
550,0.523603446818468,0.0140073348285154
560,0.517303886824831,0.0138643978833136
570,0.496815300113232,0.0134014104804426
580,0.497581740652766,0.0134186754155106
590,0.496133912850371,0.0133860651551156
600,0.472730933827075,0.0128612127009643
610,0.464654129199621,0.012681124799707
620,0.446640476268407,0.0122815880762425
630,0.446822852219604,0.0122856178127676
640,0.43223212314379,0.011964272823316
650,0.434695665041822,0.0120183774164008
660,0.442092446811403,0.0121812012474768
670,0.415160579826179,0.0115911469947755
680,0.419770032173116,0.0116915749830508
690,0.391386871623669,0.0110772269020331
700,0.403938157046756,0.0113476796830608
710,0.404980027657217,0.0113702189258018
720,0.38852082278135,0.0110157570994197
730,0.385248258741186,0.0109457039336997
740,0.37826344978633,0.0107966811658333
750,0.375880579278233,0.0107460002267917
760,0.376938855479833,0.0107684984544664
770,0.360730935910631,0.0104257615648987
780,0.355657734347465,0.0103193213604085
790,0.37455356620091,0.0107178118126666
800,0.354366663320698,0.0102923003643259
810,0.360504754203878,0.0104210072719589
820,0.361867353356215,0.0104496611043575
830,0.34201561769593,0.0100352269744867
840,0.332085950737204,0.00983051384265736
850,0.34575209625925,0.0101127202106618
860,0.344762436714965,0.0100921711290147
870,0.338573409462769,0.00996405680050397
880,0.312276144796003,0.00942781316446275
890,0.349452375953902,0.0101897022657788
900,0.324552324194861,0.00967643910024113
910,0.32480056913082,0.00968149842740498
920,0.345850963120616,0.0101147739998031
930,0.327288702569406,0.00973227477021847
940,0.311742959666387,0.00941708629541665
950,0.3205693595306,0.00959543352998628
960,0.316079152169063,0.00950449978954529
970,0.314151547170593,0.00946559178059191
980,0.317463137503224,0.00953248314474445
990,0.316180175541702,0.00950654106696791
1000,0.30159262854992,0.0092140706403982
1010,0.308554342481625,0.00935306485734863
1020,0.300748533971762,0.00919729269509107
1030,0.298498625914764,0.00915265239752706
1040,0.302997859661105,0.00924203854739604
1050,0.313989111187106,0.00946231665939939
1060,0.307689232292983,0.00933573346683091
1070,0.299421650101737,0.00917095178554921
1080,0.312426659644277,0.00943084239938891
1090,0.284008108675366,0.00886807277254426
1100,0.291071327591308,0.00900614134545693
1110,0.292920026907543,0.00904248426220602
1120,0.296175501421338,0.00910668417984861
1130,0.307648805495741,0.00933492397131025
1140,0.301769696051926,0.00921759226931021
1150,0.294586441942172,0.00907531507025989
1160,0.305824819718437,0.00929843874173753
1170,0.28482209299621,0.00888391962151714
1180,0.299153411125343,0.00916563176658782
1190,0.29390382178536,0.00906185832700038
1200,0.290427881100877,0.0089935117725098
1210,0.293472476991144,0.00905336087781983
1220,0.284002920534757,0.008867971823299
1230,0.274308447552761,0.00868057992518692
1240,0.294852115855706,0.00908055543543677
1250,0.274282536022903,0.00868008245516084
1260,0.282515469081412,0.00883905820509415
1270,0.293327500375265,0.00905050586608952
1280,0.273029922036281,0.00865605588797645
1290,0.292019621366665,0.0090247730536023
1300,0.294355744304433,0.00907076598430404
1310,0.276407456582156,0.00872093946715401
1320,0.290966981763104,0.00900409255029174
1330,0.298596326335748,0.00915458840956238
1340,0.282153057121371,0.00883202222880929
1350,0.285332950023464,0.00889387380889581
1360,0.275987042656377,0.00871284615674186
1370,0.267034451322057,0.00854166551992411
1380,0.286412899597566,0.00891493887592303
1390,0.283561812006041,0.00885939141294922
1400,0.29060582278979,0.00899700339011256
1410,0.27535111707876,0.00870061321923894
1420,0.28151208872902,0.00881958668236663
1430,0.281976368908477,0.00882859319418494
1440,0.28095856092347,0.00880885626196356
1450,0.281289231919215,0.00881526552010148
1460,0.268491325392763,0.00856936794176254
1470,0.272504200786776,0.00864598491032797
1480,0.257828378463329,0.00836805523460909
1490,0.278082437842521,0.00875323172762177
