4.599631094253636832e+01,2.311009889747856505e+02,4.840510045485514112e+00,7.746422848665295522e+38,1.801602491478851880e+04
4.627707997236309723e+01,2.303808067324480362e+02,4.823902893082756549e+00,7.746231431536885614e+38,1.801637772175002101e+04
4.601038366574242389e+01,2.304496424295143981e+02,4.799608927617547316e+00,7.692601680589696146e+38,1.801711384718039335e+04
4.609499737257010565e+01,2.302964196270419848e+02,4.797851716919154796e+00,7.682907753463167653e+38,1.801713391265896644e+04
4.591969349208081752e+01,2.307482340750870264e+02,4.862482832604404059e+00,7.783925378701447486e+38,1.801717164161439723e+04
4.606726342392907725e+01,2.296874514240591907e+02,4.846198674944917961e+00,7.767180920854362632e+38,1.801730192218503362e+04
4.636352747400993479e+01,2.303698111614217510e+02,4.857233431151471770e+00,7.795046337629332514e+38,1.801739471074352696e+04
4.567091170428281544e+01,2.305542841893097830e+02,4.811514459538919652e+00,7.654186299209202389e+38,1.801760386316478252e+04
4.611129722692476918e+01,2.302293324846284008e+02,4.869481539439613371e+00,7.810832208234643228e+38,1.801764105310710875e+04
4.626287154334917062e+01,2.300844567691635518e+02,4.857628714171726259e+00,7.811995820315513954e+38,1.801766696890164530e+04
4.634287002954435764e+01,2.316780186295876263e+02,4.844745075196234652e+00,7.777431471599938390e+38,1.801786193397302486e+04
4.587045957708377131e+01,2.312996595279870746e+02,4.802500214200101425e+00,7.658340458037563425e+38,1.801827045523060224e+04
4.627073783822462616e+01,2.314325956709145657e+02,4.857929082636005980e+00,7.825547374904431066e+38,1.801829049807612682e+04
4.593545425550313865e+01,2.298505633677912385e+02,4.794476844929437043e+00,7.645437911243036060e+38,1.801838902704762222e+04
4.591236273084972197e+01,2.316733763172964302e+02,4.839741450108875576e+00,7.723507791436344671e+38,1.801847136982021038e+04
4.637825350536962787e+01,2.303005840127561896e+02,4.810704087531528117e+00,7.747708027054149928e+38,1.801853129999687371e+04
4.612917761225352109e+01,2.303421306024491173e+02,4.784180610475657680e+00,7.667275044085681447e+38,1.801862888112608198e+04
4.599788412543974658e+01,2.310206830047647486e+02,4.798507327398029432e+00,7.653158548757327224e+38,1.801881707032808845e+04
4.601392772623432847e+01,2.320002523903295923e+02,4.819782741832813855e+00,7.705353058611506436e+38,1.801910747965513292e+04
4.622143473642208988e+01,2.320720316127923297e+02,4.828708525936461271e+00,7.768597132235176579e+38,1.801925877924815723e+04
4.587114870562191271e+01,2.312595962054352015e+02,4.843301663793483591e+00,7.711248132590532568e+38,1.801934132279847108e+04
4.605562468741687354e+01,2.296771216812176419e+02,4.872580346551593777e+00,7.817135090745804928e+38,1.801965199559649045e+04
4.626606770888596998e+01,2.318108108294102578e+02,4.877070121669347280e+00,7.821956005299525634e+38,1.801984970710669586e+04
4.649522730996592657e+01,2.319061878011451938e+02,4.816133576451817611e+00,7.765811041419984740e+38,1.802031294766685460e+04
4.667585137698774389e+01,2.310893747419928275e+02,4.824456169880552814e+00,7.797916893705580652e+38,1.802034334326889439e+04
4.549606736688960495e+01,2.291621923756390231e+02,4.805293529256298157e+00,7.635013491654534803e+38,1.802046546937026869e+04
4.549496447151293665e+01,2.299816859495717551e+02,4.799381605162914788e+00,7.662443161182565743e+38,1.802091089066200220e+04
4.584640236674978553e+01,2.296100189385576016e+02,4.806185142698783608e+00,7.635639631940829348e+38,1.802107944843828591e+04
4.563943135153105857e+01,2.287551229200592502e+02,4.802567130838239606e+00,7.638418100648307565e+38,1.802147296669605566e+04
4.631198675692500899e+01,2.301249288718615844e+02,4.896115799450770467e+00,7.884423705637338778e+38,1.802182937854412012e+04
4.584463364979897193e+01,2.308119912018024138e+02,4.881308099643674403e+00,7.835335422364933185e+38,1.802214103103523303e+04
4.563957474127150959e+01,2.293203450127125507e+02,4.820657162803629880e+00,7.635051804876010020e+38,1.802354141274795256e+04
4.676862540196509599e+01,2.322523521985850721e+02,4.851313376227028407e+00,7.861072062385046079e+38,1.802366433576947020e+04
4.677667003898205422e+01,2.302012799135834769e+02,4.809420232026790032e+00,7.743713916729747285e+38,1.802371120428897848e+04
4.515675127472205475e+01,2.305482972415008760e+02,4.779746499412922844e+00,7.571194577382288025e+38,1.802380386652760353e+04
4.518932381078415261e+01,2.310641239625522019e+02,4.840162947504468072e+00,7.675351566732253656e+38,1.802394704571173497e+04
4.562433754875046787e+01,2.294700074643695871e+02,4.802511564834675006e+00,7.601692148038458095e+38,1.802414579294522991e+04
4.647594796532299455e+01,2.291308173915927853e+02,4.886795360595043825e+00,7.859660996193331903e+38,1.802418952014021488e+04
4.606554659765535575e+01,2.282125341418831965e+02,4.843178836549117960e+00,7.755167458738541519e+38,1.802445039478880062e+04
4.673559820581431268e+01,2.309910918125225407e+02,4.791059734658928093e+00,7.714161851394617198e+38,1.802448627861246496e+04
4.552204164162760947e+01,2.310268323856062125e+02,4.769328987756221494e+00,7.554911104091771893e+38,1.802493389649122400e+04
4.696004687346072615e+01,2.306863760065598115e+02,4.843236642324661112e+00,7.868125619862766480e+38,1.802545857066428653e+04
4.565404717243426802e+01,2.291284162939479074e+02,4.787462626518148134e+00,7.579509460141359076e+38,1.802564729396234907e+04
4.557356844362631421e+01,2.285729023910359672e+02,4.762861048398295161e+00,7.566606049275913698e+38,1.802580236168784540e+04
4.611579237575456602e+01,2.312950759361892494e+02,4.746276790764141218e+00,7.610575886379717472e+38,1.802587946080040274e+04
4.578379384232962224e+01,2.289162445356149931e+02,4.850984115399148422e+00,7.694267937026468765e+38,1.802598245265252626e+04
4.644170218909859216e+01,2.315262333631660283e+02,4.760812643327065885e+00,7.648859173490129137e+38,1.802609079727900098e+04
4.557698545033763082e+01,2.293144872443151314e+02,4.784718543229688592e+00,7.661026575738448323e+38,1.802611004756457623e+04
4.610217699386112145e+01,2.286093803513806790e+02,4.767299805140251756e+00,7.616818458774878899e+38,1.802619559436192503e+04
4.554881576156577694e+01,2.281291566229368470e+02,4.786385829378152046e+00,7.619262462962169253e+38,1.802622198838121039e+04
4.542639894754254470e+01,2.300081606520726041e+02,4.783504119569215618e+00,7.650784094144051531e+38,1.802644124714483041e+04
4.571902021878808142e+01,2.289179548008704330e+02,4.853039669204987305e+00,7.783026243028819737e+38,1.802647050920922629e+04
4.589956168971527006e+01,2.324333389698550434e+02,4.803014543151424398e+00,7.640932281899642718e+38,1.802650786012237950e+04
4.671978209690310280e+01,2.287363296390519452e+02,4.837260724202328888e+00,7.790289313787064939e+38,1.802666443939587043e+04
4.610304002805388990e+01,2.297791764580179006e+02,4.921993486282461916e+00,7.885207072968359196e+38,1.802676840581934812e+04
4.711291737321018047e+01,2.306503327268839598e+02,4.827372474631310695e+00,7.827487709328794292e+38,1.802705100836867132e+04
4.498314859692160184e+01,2.305898765269165267e+02,4.771085913685673141e+00,7.536191976550586178e+38,1.802748839242774193e+04
4.626408850626528846e+01,2.280473065112804250e+02,4.791356817438579441e+00,7.670370025983524985e+38,1.802820008440336824e+04
4.564507697805681374e+01,2.319463983273578265e+02,4.744667389594324547e+00,7.566606016182377856e+38,1.802827453904717186e+04
4.544596945117918096e+01,2.326724794976166777e+02,4.786461241238193942e+00,7.626332937630230419e+38,1.802831361616837603e+04
4.598408595384356801e+01,2.282118150822364271e+02,4.775937751517108865e+00,7.599500231627161622e+38,1.802882953214443114e+04
4.585249366682232619e+01,2.289112906002283694e+02,4.865301384879415991e+00,7.716211918991447558e+38,1.802885364982846659e+04
4.665607446345686782e+01,2.300349858320587941e+02,4.899923940041302828e+00,7.952336383628469462e+38,1.802932254139468569e+04
4.595135180945993625e+01,2.317770807110483702e+02,4.912186136718459828e+00,7.822615000638498603e+38,1.803009504682754050e+04
4.701268548355442078e+01,2.320162729356322302e+02,4.818190495535652040e+00,7.769038727329328805e+38,1.803025073549836816e+04
4.537129281651306911e+01,2.326536603803603498e+02,4.804995987993250672e+00,7.611269122738136704e+38,1.803027738948718616e+04
4.585904707241542155e+01,2.309894774984426533e+02,4.744808154072780226e+00,7.531025904191635605e+38,1.803034144550834026e+04
4.484686227269968128e+01,2.309010199426456893e+02,4.801874515239513030e+00,7.608220667029679383e+38,1.803036398311803350e+04
4.516916624146064407e+01,2.290504479673869014e+02,4.733805194116651904e+00,7.486427996720764089e+38,1.803092986273908173e+04
4.510984297494898243e+01,2.288230222716593403e+02,4.747793148004486596e+00,7.534614342183664478e+38,1.803126774708672019e+04
4.536983648881678022e+01,2.295943253229792447e+02,4.716027045023407638e+00,7.473221144902235555e+38,1.803207627564834911e+04
4.661714318618638231e+01,2.323769553415831410e+02,4.778881982959677366e+00,7.663022832431124849e+38,1.803222214060541228e+04
4.709348556983497502e+01,2.301152971217402410e+02,4.835496687594361909e+00,7.882259106717296130e+38,1.803249884106064565e+04
4.675372962376360420e+01,2.280783446876951359e+02,4.859428698430372506e+00,7.853953916485313642e+38,1.803293998239715438e+04
4.635782452116886532e+01,2.306595098521712828e+02,4.946656141020906006e+00,7.993133907730755953e+38,1.803349306009541760e+04
4.530357147971277954e+01,2.297531427616984274e+02,4.907476619306703647e+00,7.764630195380615518e+38,1.803410202574457435e+04
4.732819236368424498e+01,2.311335579455239895e+02,4.823715701261642508e+00,7.872336954805380579e+38,1.803457574115602620e+04
4.641207657807424880e+01,2.340976568817268060e+02,4.874818102961929078e+00,7.881165713619843039e+38,1.803498066448482859e+04
4.474395878490312839e+01,2.282332521090673652e+02,4.783004565465566849e+00,7.519072675627287576e+38,1.803599754306527029e+04
4.644659663532754479e+01,2.327212886141993806e+02,4.810320290824725120e+00,7.816824949638699007e+38,1.803624547477113811e+04
4.603128014614874530e+01,2.300544714263911601e+02,4.712983046681782362e+00,7.496582803179949282e+38,1.803673406833977060e+04
4.495935511634718296e+01,2.300337566113902028e+02,4.716076943694592849e+00,7.480846189525143604e+38,1.803767866059309017e+04
4.561250583583352380e+01,2.300503922123785685e+02,4.925181466867195823e+00,7.797791698759803787e+38,1.803792851211192465e+04
4.535446515559908676e+01,2.291852697096039435e+02,4.761453179424685267e+00,7.485096115976227026e+38,1.803794997149034316e+04
4.737472463861529093e+01,2.314791127752650652e+02,4.945824144229864494e+00,8.037448109658364140e+38,1.803981928662943392e+04
4.615432349607218754e+01,2.275225895287859146e+02,4.735804931012002505e+00,7.568320255837197314e+38,1.803983050972482306e+04
4.454655126258825959e+01,2.315022717760284081e+02,4.775999299741654269e+00,7.501904143949362046e+38,1.804032788262321628e+04
4.546683597575615465e+01,2.269526352907523119e+02,4.877363414266811859e+00,7.767959232664915044e+38,1.804211508940697968e+04
4.754653233602567752e+01,2.319544460158491574e+02,4.815343934533313330e+00,7.816980296762192864e+38,1.804226948190581606e+04
4.472419275495030888e+01,2.278525972418924823e+02,4.833255515141591907e+00,7.652088841157953603e+38,1.804309519916638237e+04
4.586066427481443952e+01,2.299928138826629720e+02,4.684982128047399996e+00,7.511260617065874249e+38,1.804375306428263139e+04
4.483886564308710376e+01,2.290471352004763048e+02,4.720566536855198336e+00,7.394548917434711714e+38,1.804444251714074562e+04
4.706242912486319341e+01,2.332755709934103834e+02,4.853131082635560922e+00,7.796642984335133218e+38,1.804588499741810665e+04
4.559386989746450780e+01,2.324671955718999925e+02,4.692233270551393609e+00,7.505272099349831076e+38,1.804779540705361433e+04
4.613572529172148506e+01,2.323993923259147039e+02,4.959617664172276896e+00,8.039604208774300162e+38,1.805034565565510275e+04
4.792056115805411309e+01,2.306376986142857106e+02,4.874352761877582374e+00,7.946772766877259369e+38,1.805046043438516790e+04
4.531258906458806734e+01,2.267215850214654154e+02,4.880838192313285973e+00,7.695399184479664801e+38,1.805080524789808260e+04
4.517140407527990931e+01,2.312595316052203032e+02,4.721119407835821846e+00,7.397080643608477964e+38,1.805385316368459098e+04
4.606212055978200937e+01,2.284247007879741602e+02,4.658386642666769717e+00,7.433330736399322650e+38,1.805705082612678234e+04
4.829482533951141221e+01,2.296714413384144962e+02,4.817194775550903252e+00,7.915403646230273318e+38,1.807169897210892668e+04
