time,invT,err
sec,invK,invK
0,0.037757301860281,0.00326759001132491
0.04,0.177842570974516,0.00631336658248182
0.09,0.356448247805187,0.0114917536751376
0.16,0.533695374110545,0.0168672211283326
0.25,0.691283436869736,0.0217030220138195
0.37,0.848918965343164,0.0265632719549918
0.53,0.985926433057903,0.0307977463626579
0.76,1.11851925792365,0.0349014187631388
1.07,1.24757686184328,0.0388993231017538
1.48,1.34838692113211,0.0420240214992906
2.04,1.43390224932984,0.0446756354449308
2.81,1.49193640192737,0.0464755617554497
3.86,1.52994878275871,0.0476546819451316
5.26,1.54171712427524,0.048019753643949
7.16,1.51391833868574,0.0471574122454197
9.76,1.46240751384027,0.0455596842743317
19.76,1.24420725070493,0.0387949040396663
29.76,1.05897386249668,0.033057970738796
39.76,0.909512098350348,0.0284351209917635
49.76,0.782522772681792,0.0245142032499325
59.76,0.684201289058908,0.0214850874067079
69.76,0.597579185738643,0.0188236757770714
79.76,0.532917114984814,0.0168434290781201
89.76,0.47877379460753,0.0151913176935265
99.76,0.433131985382211,0.0138044142047912
109.76,0.396262757727432,0.0126892187045307
119.76,0.37190556407429,0.0119556789964904
129.76,0.342451686382947,0.0110728880598101
139.76,0.325227182595692,0.0105592204135808
149.76,0.305999573295452,0.00998851317731739
159.76,0.293477978239647,0.00961861244907004
169.76,0.283050033991953,0.00931176226575469
179.76,0.273084915752335,0.00901966137071572
189.76,0.265260184833519,0.0087911473059083
199.76,0.264606027904855,0.00877207908157463
209.76,0.257168538175872,0.00855569118511477
219.76,0.253009629903584,0.00843503331591595
229.76,0.242182164329209,0.00812215169213003
239.76,0.243720056693502,0.00816647749156644
249.76,0.249227020993707,0.00832551723735876
259.76,0.23989372858905,0.00805626702651273
269.76,0.237926682699675,0.00799970710439523
279.76,0.236545108791424,0.00796002220662677
289.76,0.235870222902259,0.00794064883803965
299.76,0.239184464064371,0.00803586528120702
309.76,0.232003552886915,0.00782981108593337
319.76,0.234168763870149,0.00789184293361599
329.76,0.23497896545516,0.00791507681218681
339.76,0.235859313609765,0.0079403357413377
349.76,0.235581974094263,0.0079323768151673
359.76,0.233976067737071,0.00788631881388152
369.76,0.235683238858041,0.00793528269147898
379.76,0.230521236741704,0.00778739420031688
389.76,0.234424560996635,0.00789917705057449
399.76,0.233880134865916,0.00788356891017291
409.76,0.233263996974541,0.00786591142542718
419.76,0.232994756791793,0.00785819764844745
429.76,0.232828685960895,0.00785344035999719
439.76,0.231484139117311,0.00781494320195139
449.76,0.232137068055076,0.00783363368855021
459.76,0.228824791522029,0.00773890129588342
469.76,0.236562216159082,0.0079605133988143
479.76,0.233921865715922,0.0078847650990197
489.76,0.23355328925077,0.00787420118977239
499.76,0.226293782925536,0.00766665643066181
509.76,0.23548922976477,0.00792971560173407
519.76,0.232143613969456,0.00783382110975748
529.76,0.228770720818471,0.00773735659621288
539.76,0.23304483414896,0.00785963227174341
549.76,0.234481719680205,0.00790081604556642
559.76,0.229781829887212,0.00776625145493315
569.76,0.226609799192375,0.00767566986304798
579.76,0.233312168020559,0.00786729167534074
589.76,0.233827883490484,0.00788207120204163
599.76,0.233098429147006,0.00786116772033327
609.76,0.234668671307534,0.00790617720004236
619.76,0.230863823837354,0.00779719373482116
629.76,0.229132415311637,0.0077476906142726
639.76,0.232928578087155,0.00785630182268078
649.76,0.233687991193184,0.00787806164363961
659.76,0.227299508752549,0.00769534867682628
669.76,0.232068121963103,0.00783165968758567
679.76,0.229365672492505,0.00775435637528254
689.76,0.227442560538752,0.00769943141151425
699.76,0.235252415600661,0.00792292114015999
709.76,0.232072579118634,0.00783178729806746
719.76,0.232944229285973,0.00785675017629254
729.76,0.230185139300869,0.00777778246916922
739.76,0.238566622478486,0.00801810038137061
749.76,0.23470762965218,0.00790729447659614
759.76,0.232200487888379,0.0078354495452264
769.76,0.23514377112599,0.0079198043483182
779.76,0.234143117317522,0.00789110767143238
789.76,0.234093456002265,0.00788968396312419
799.76,0.234623185803424,0.00790487276764533
809.76,0.234108471196823,0.00789011441932227
819.76,0.239456647415151,0.00804369351344327
829.76,0.232956289524493,0.00785709566420169
839.76,0.233453105545341,0.00787133021849331
849.76,0.235050428306586,0.0079171267007528
859.76,0.232065796194112,0.00783159309986134
869.76,0.23444035201649,0.00789962984375636
879.76,0.237672759409889,0.00799241077959121
889.76,0.233624290008583,0.00787623597518875
899.76,0.232102633373996,0.00783264777538582
909.76,0.228512978288442,0.00772999415046175
919.76,0.231261711041744,0.00780857789335777
929.76,0.230937491369118,0.00779930124905847
939.76,0.232838152727978,0.00785371153260033
949.76,0.235021419275697,0.00791629457501736
959.76,0.232313391697982,0.00783868242861581
969.76,0.234346209506475,0.00789693045986017
979.76,0.232281371451089,0.00783776553791321
989.76,0.226809516839497,0.00768136724390314
999.76,0.232369187988683,0.00784028018530117
1009.76,0.232958381693682,0.00785715559854421
1019.76,0.23360321997097,0.00787563212681247
1029.76,0.229295476572292,0.00775235028491916
1039.76,0.231055556531528,0.0078026791252299
1049.76,0.227608905814934,0.00770417945493536
1059.76,0.231074716842291,0.00780322733176932
1069.76,0.237190876557478,0.00797856730399298
1079.76,0.228299479923964,0.0077238965229673
1089.76,0.232104070781082,0.00783268892992121
1099.76,0.234331658101407,0.00789651323632872
1109.76,0.238054794443507,0.00800338874387336
1119.76,0.229373246585943,0.00775457283678501
1129.76,0.230213427058435,0.00777859136082033
1139.76,0.231304212591545,0.00780979410423727
1149.76,0.232516173524539,0.00784448947265306
1159.76,0.236020270860534,0.00794495543114683
1169.76,0.232946244725238,0.00785680791210224
1179.76,0.237723868379324,0.00799387927232021
1189.76,0.230117202645051,0.00777583987518482
1199.76,0.230744461088928,0.00779377916945801
1209.76,0.230208584548998,0.00777845288762725
1219.76,0.231034085797995,0.00780206482212233
1229.76,0.23452851982325,0.00790215805921456
1239.76,0.234139572394788,0.00789100604282738
1249.76,0.235272448934624,0.00792349587958283
1259.76,0.231102245828488,0.00780401499139019
1269.76,0.229325278464328,0.00775320196509777
1279.76,0.229150076828585,0.00774819528846253
1289.76,0.234629203135248,0.00790504533040994
1299.76,0.234052371388142,0.00788850616885035
1309.76,0.236540828965572,0.00795989932371942
1319.76,0.232648916284139,0.00784829122916938
1329.76,0.235802676682849,0.00793871029583432
1339.76,0.236854480526027,0.00796890579085798
1349.76,0.232551873397962,0.00784551188584771
1359.76,0.23789079354211,0.00799867578345488
1369.76,0.235072860729512,0.00791777018655435
1379.76,0.237422829493548,0.00798523030998086
1389.76,0.232626124087915,0.00784763843669987
1399.76,0.232637343707207,0.00784795977718879
1409.76,0.235532590705604,0.00793095978485931
1419.76,0.229276410045455,0.00775180540960697
1429.76,0.238147341001347,0.008006048499968
1439.76,0.231588324696744,0.0078179250406423
1449.76,0.229174292783804,0.00774888726416337
1459.76,0.240876997602571,0.00808456470043666
1469.76,0.236767458535027,0.00796640678942574
1479.76,0.231216263063567,0.0078072774061355
1489.76,0.226858083443865,0.00768275283166584
1499.76,0.236402433721296,0.00795592587774425
1509.76,0.2362101928146,0.00795040704386946
1519.76,0.231979918368018,0.00782913445319188
1529.76,0.236817222168602,0.00796783583002865
1539.76,0.23276006554065,0.00785147479908131
1549.76,0.237151239570498,0.00797742879971861
1559.76,0.234959620986018,0.00791452193831659
1569.76,0.234003678575487,0.00788711030635189
1579.76,0.230860981420563,0.00779711241973004
1589.76,0.233225497309258,0.00786480832137792
1599.76,0.234628631923527,0.00790502894938812
1609.76,0.236075877902202,0.0079465515360359
1619.76,0.226697857812521,0.00767818182939268
1629.76,0.23466278697424,0.00790600844712843
1639.76,0.237334704291969,0.00798269874160786
1649.76,0.232403039523188,0.00784124957042504
1659.76,0.237151638566237,0.00797744026004639
1669.76,0.236116237851971,0.00794771003394613
1679.76,0.235173995900404,0.00792067141498499
1689.76,0.234377803481757,0.00789783634787627
1699.76,0.239018265259259,0.00803108588815857
1709.76,0.231988172801746,0.0078293707682216
1719.76,0.236559034424001,0.00796042204342888
1729.76,0.231053402978758,0.0078026175091419
1739.76,0.234782303223344,0.00790943609823287
1749.76,0.22736224992623,0.00769713927638507
1759.76,0.231012823087809,0.00780145647940446
1769.76,0.232976387648575,0.00785767141824273
1779.76,0.237743691989136,0.00799444886821177
1789.76,0.238622749591367,0.00801971393927948
1799.76,0.232818066539904,0.00785313617195929
1809.76,0.233257964297454,0.00786573857353104
1819.76,0.232922001480358,0.00785611342661944
1829.76,0.235607422857406,0.00793310707115514
1839.76,0.236964182185323,0.00797205627353702
1849.76,0.233924975835664,0.00788485424994508
1859.76,0.233965698966112,0.00788602158623395
1869.76,0.236822264178704,0.00796798062169258
1879.76,0.235559729232402,0.00793173850514592
1889.76,0.234111056142879,0.00789018852507532
1899.76,0.235372687219581,0.00792637174012552
1909.76,0.235605091972364,0.00793304018558233
1919.76,0.230811818011352,0.00779570599044739
1929.76,0.232824665313062,0.00785332519029162
1939.76,0.231188981317917,0.00780649676172087
1949.76,0.236276432922292,0.00795230858410583
1959.76,0.23504566764037,0.00791699013972075
1969.76,0.235795922742974,0.00793851646569393
1979.76,0.233127709285393,0.00786200659246092
1989.76,0.238687112386924,0.00802156432644007
1999.76,0.231129166090806,0.00780478524805317
2009.76,0.236453350007544,0.00795738768821333
2019.76,0.236625361494346,0.00796232649291219
2029.76,0.230235005212309,0.00777920840086083
2039.76,0.235933110762073,0.00794245376129465
2049.76,0.240975704748377,0.00808740632186739
2059.76,0.237913965988472,0.00799934167081382
2069.76,0.233738649995721,0.00787951357219167
2079.76,0.235206331600707,0.00792159905667041
2089.76,0.237359505117257,0.00798341117984272
2099.76,0.235805149092044,0.00793878125127867
2109.76,0.235269604811629,0.00792341428365586
2119.76,0.23691922525607,0.00797076514575569
2129.76,0.236796247611213,0.00796723350743009
2139.76,0.233353926150241,0.0078684882099546
2149.76,0.23883260603333,0.00802574743678251
2159.76,0.231258295708194,0.00780848016273485
2169.76,0.233027841028927,0.00785914544520479
2179.76,0.23150515458754,0.00781554465782673
2189.76,0.235857098672137,0.00794027217288715
2199.76,0.231243277107151,0.00780805040432603
2209.76,0.235450837513874,0.00792861401667754
2219.76,0.238740511324034,0.00802309956476904
2229.76,0.240369761323974,0.00806996479336935
2239.76,0.231960399982814,0.00782857566914459
2249.76,0.233622226826133,0.00787617684586998
2259.76,0.235098913100341,0.00791851752389029
2269.76,0.232864268182746,0.00785445961030955
2279.76,0.236526282673014,0.00795948167114637
2289.76,0.228433012100531,0.00772771016938258
2299.76,0.233961581126636,0.00788590354620017
2309.76,0.233140415760565,0.007862370636242
2319.76,0.235162933148708,0.00792035405277595
2329.76,0.237475447484233,0.00798674192978919
2339.76,0.237003725390595,0.00797319195303808
2349.76,0.23157932683571,0.00781766750970888
2359.76,0.232995140441401,0.00785820863911986
2369.76,0.236057727008067,0.00794603053961952
2379.76,0.23555842993877,0.00793170122255792
2389.76,0.233446602257949,0.00787114385973243
2399.76,0.232518608420616,0.00784455920519634
2409.76,0.236214240745387,0.00795052324468023
2419.76,0.230330690812236,0.00778194469409482
2429.76,0.239718586469385,0.00805122831853241
2439.76,0.237239143106338,0.00797995371511903
2449.76,0.231807925707575,0.00782421078975806
2459.76,0.232542648756636,0.00784524769790439
2469.76,0.234803565940527,0.00791004592682149
2479.76,0.238635423675619,0.00802007830498802
2489.76,0.233314899605845,0.0078673699450167
2499.76,0.236212813568441,0.0079504822757847
2509.76,0.238663551173831,0.0080208869490117
2519.76,0.241367523820132,0.00809868779926811
2529.76,0.235368888235115,0.00792626274303948
2539.76,0.232361370062655,0.00784005631130229
2549.76,0.234428363391004,0.00789928608037118
2559.76,0.238467847149641,0.00801526089401768
2569.76,0.23814230069576,0.00800590363946418
2579.76,0.233071138871341,0.00786038587178905
2589.76,0.23309459606111,0.00786105790409839
2599.76,0.233881705271767,0.00788361392430117
2609.76,0.237887506089827,0.00799858131543067
2619.76,0.238111576316116,0.00800502061748451
2629.76,0.236353681219707,0.0079545262330483
2639.76,0.235730197581251,0.00793663027355016
2649.76,0.236877091989077,0.00796955514389567
2659.76,0.240260712688569,0.00806682659326372
2669.76,0.233242664350744,0.00786530019325925
2679.76,0.234236686909048,0.00789379028039176
2689.76,0.234388646273553,0.00789814724537019
2699.76,0.232190468666425,0.00783516266670411
2709.76,0.235845425490467,0.00793993715539511
2719.76,0.238914792347649,0.00802811055088235
2729.76,0.238848674992331,0.00802620946048212
2739.76,0.23723152467483,0.0079797348801157
2749.76,0.232366449583186,0.00784020176823752
2759.76,0.236278117570835,0.0079523569459644
2769.76,0.233676202066298,0.00787772376302605
2779.76,0.233142004922517,0.00786241616635058
2789.76,0.239133742148301,0.00803440661604035
2799.76,0.23442785015302,0.00789927136377785
2809.76,0.238382414308823,0.0080128050995193
2819.76,0.24215653139912,0.00812141322297805
2829.76,0.236663486046976,0.00796342119881646
2839.76,0.240972785599068,0.00808732228183487
2849.76,0.235584294748642,0.00793244340620172
