time,invT,err
sec,invK,invK
0,15.9455058359812,0.410115334560504
10,12.9419298941744,0.331968652116242
20,10.5216075414115,0.269412414768616
30,8.58476822356539,0.219569683554134
40,7.0372282401818,0.179858920476776
50,5.76835696672138,0.147361286886591
60,4.76619958546333,0.121727986017792
70,3.9396904100323,0.100606654051645
80,3.2629193775674,0.0833236739239409
90,2.72194062161982,0.0695160730465273
100,2.27825694446451,0.0581973794020185
110,1.92401481622909,0.0491649587933392
120,1.63129180229385,0.0417053682356127
130,1.3884585141277,0.0355214128933217
140,1.1886153463279,0.0304366661621764
150,1.02528412240065,0.0262854839497218
160,0.8882155592587,0.0228066406390626
170,0.793407095397245,0.0204042042315119
180,0.704464558208906,0.0181545147522717
190,0.629213180340504,0.0162554681519281
200,0.572121009929674,0.0148183380917594
210,0.516254976384508,0.0134161934125546
220,0.471450231852539,0.0122955603711137
230,0.444061506392763,0.0116127036471427
240,0.411237308235394,0.010797031322889
250,0.397301318589727,0.0104517735514087
260,0.371688005082645,0.00981914138787622
270,0.351376959887867,0.00931952635266617
280,0.342818131256306,0.00910961896408661
290,0.333110608678738,0.00887203540270569
300,0.327102787728115,0.0087252809463084
310,0.308798080508282,0.00827960996484164
320,0.307349289709868,0.00824443695599183
330,0.297832482307275,0.00801379447568999
340,0.300650219306199,0.00808200867352062
350,0.292545440799463,0.0078859779044984
360,0.290024504606382,0.0078251169730804
370,0.285028845217823,0.00770467710833744
380,0.284470292366197,0.0076912251004759
390,0.284083790463645,0.0076819184021826
400,0.282258029927129,0.00763797419931466
410,0.278380511879979,0.00754475147082641
420,0.281442816779098,0.00761836298855549
430,0.268039158527993,0.00729686253998425
440,0.260531935477143,0.0071176296594755
450,0.273800493912368,0.00743482972363199
460,0.27009377492657,0.00734602437150362
470,0.262279757438969,0.00715930141932607
480,0.270523411952078,0.00735631021056819
490,0.267686941696833,0.00728843944125298
500,0.270325191256265,0.00735156441233547
510,0.264622677182106,0.00721521645531497
520,0.265458041551295,0.00723516783264128
530,0.268781008771255,0.00731460793059736
540,0.273165528625298,0.00741960712798968
550,0.259946804688265,0.00710368684878851
560,0.265002888332734,0.00722429624043829
570,0.255749260140474,0.0070037848763001
580,0.242939945250282,0.00670029809586723
590,0.260803818283363,0.00712410959110291
600,0.254554408347798,0.00697538637968673
610,0.257989733291402,0.00705708206096203
620,0.261263383014813,0.00713506460510328
630,0.249104716901081,0.00684608946683741
640,0.264211122171144,0.0072053899774475
650,0.252305575204161,0.00692198572887705
660,0.253692220830893,0.00695490543238586
670,0.255700433436423,0.00700262404905921
680,0.25589467821088,0.00700724228164868
690,0.252235589359715,0.00692032487208009
700,0.252774779915253,0.00693312218221196
710,0.250396541139241,0.00687670426332578
720,0.252855576803638,0.00693504015675904
730,0.259280005587506,0.00708780290665413
740,0.259403529262302,0.00709074499068387
750,0.256071385675771,0.0070114439601936
760,0.253156515939999,0.00694218464175295
770,0.251809274811704,0.00691020920902531
780,0.251100593262748,0.00689339863226871
790,0.252114843354432,0.00691745955577077
800,0.254180079372838,0.0069664931948019
810,0.252758522502948,0.00693273627010179
820,0.247869698326924,0.00681684137663934
830,0.247350223687657,0.00680454506156385
840,0.250250878001194,0.00687325112268326
850,0.246078197090284,0.00677445060409695
860,0.251873324113054,0.00691172883376768
870,0.25339337854291,0.0069478087112935
880,0.256656543641604,0.00702536032902195
890,0.260931154421993,0.00712714475913265
900,0.251610237251282,0.00690548720608534
910,0.251087494745143,0.00689308798403756
920,0.245016019100203,0.00674933766528278
930,0.255355542078983,0.00699442528583655
940,0.254159519328114,0.00696600478651304
950,0.25529892706685,0.0069930795725469
960,0.24445915517724,0.00673617796621821
970,0.247188875018472,0.0068007265629788
980,0.246409499683151,0.00678228668376736
990,0.251991428628595,0.00691453110210878
1000,0.250198238845242,0.00687200330834772
1010,0.244311231816436,0.00673268298750792
1020,0.246039201092342,0.00677352835541716
1030,0.247672648709404,0.00681217665592226
1040,0.247466530889058,0.00680729781877286
1050,0.253906290380753,0.00695998971057391
1060,0.258700893055363,0.00707401202773805
1070,0.247152765594869,0.00679987204037595
1080,0.244346851064536,0.00673352453432766
1090,0.258794025983429,0.0070762296094757
1100,0.256165580640024,0.00701368384583985
1110,0.253835242491612,0.00695830221773899
1120,0.245569560745582,0.00676242306248872
1130,0.246678740909387,0.00678865595877502
1140,0.250643588436764,0.00688256147983439
1150,0.249961457955715,0.00686639084814389
1160,0.257499832316183,0.00704542293383318
1170,0.241356713321834,0.00666294058073949
1180,0.245277907720548,0.00675552803581698
1190,0.243578123429821,0.00671536633353532
1200,0.24056178871049,0.00664419717296209
1210,0.246088545190303,0.00677469533835059
1220,0.242059676024887,0.00667952313037326
1230,0.248516509073362,0.00683215683541312
1240,0.246219012946272,0.00677778104642522
1250,0.248263824796513,0.00682617301049936
1260,0.245688999604018,0.00676524707461026
1270,0.240390609372597,0.00664016214570267
1280,0.247722455750564,0.00681335568038522
1290,0.246920369048812,0.0067943728387417
1300,0.245040500525704,0.00674991630318257
1310,0.252310013995078,0.00692209106936327
1320,0.251622409886295,0.00690577597733682
1330,0.254453051411283,0.00697297820293494
1340,0.249196106969853,0.0068482545932354
1350,0.24787887545811,0.00681705863782987
1360,0.239261332271221,0.00661355350352739
1370,0.242189299581798,0.00668258165136476
1380,0.245684969291416,0.00676515177874303
1390,0.249708800902187,0.00686040287671816
1400,0.248224583710006,0.0068252438167793
1410,0.245737744601057,0.00676639965698309
1420,0.243783451508337,0.00672021560928474
1430,0.250089202538964,0.00686941871059763
1440,0.24575642564463,0.0067668413814717
1450,0.259054389705376,0.00708242965877677
1460,0.246555407894754,0.00678573822380596
1470,0.243372686424905,0.00671051507198579
1480,0.248729325932321,0.00683719721283321
1490,0.253067467801517,0.00694007046384596
